35.1573 0.0022 0.0005 0.0091 0.0006
35.1573 0.0022 0.0005 0.0091 0.0006
35.1573 0.0022 0.0005 0.0091 0.0006
35.1573 0.0022 0.0005 0.0091 0.0006
35.1573 0.0022 0.0005 0.0091 0.0006
35.1573 0.0022 0.0005 0.0091 0.0006
35.1573 0.0022 0.0005 0.0091 0.0006
35.1573 0.0022 0.0005 0.0091 0.0006
35.1573 0.0022 0.0005 0.0091 0.0006
35.1573 0.0022 0.0005 0.0091 0.0006
8.2316 0.0013 0.0014 0.2250 0.0015
8.2316 0.0013 0.0014 0.2250 0.0015
8.2316 0.0013 0.0014 0.2250 0.0015
8.2316 0.0013 0.0014 0.2250 0.0015
8.2316 0.0013 0.0014 0.2250 0.0015
8.2316 0.0013 0.0014 0.2250 0.0015
8.2316 0.0013 0.0014 0.2250 0.0015
8.2316 0.0013 0.0014 0.2250 0.0015
8.2316 0.0013 0.0014 0.2250 0.0015
8.2316 0.0013 0.0014 0.2250 0.0015
0.7322 0.0025 0.0048 0.0199 0.0047
0.7322 0.0025 0.0048 0.0199 0.0047
0.7322 0.0025 0.0048 0.0199 0.0047
0.7322 0.0025 0.0048 0.0199 0.0047
0.7322 0.0025 0.0048 0.0199 0.0047
0.7322 0.0025 0.0048 0.0199 0.0047
0.7322 0.0025 0.0048 0.0199 0.0047
0.7322 0.0025 0.0048 0.0199 0.0047
0.7322 0.0025 0.0048 0.0199 0.0047
0.7322 0.0025 0.0048 0.0199 0.0047
3.4693 3.3669 0.0136 0.3598 0.0009
3.4693 3.3669 0.0136 0.3598 0.0009
3.4693 3.3669 0.0136 0.3598 0.0009
3.4693 3.3669 0.0136 0.3598 0.0009
3.4693 3.3669 0.0136 0.3598 0.0009
3.4693 3.3669 0.0136 0.3598 0.0009
3.4693 3.3669 0.0136 0.3598 0.0009
3.4693 3.3669 0.0136 0.3598 0.0009
3.4693 3.3669 0.0136 0.3598 0.0009
3.4693 3.3669 0.0136 0.3598 0.0009
15.5441 0.0046 0.0362 0.0658 0.0365
15.5441 0.0046 0.0362 0.0658 0.0365
15.5441 0.0046 0.0362 0.0658 0.0365
15.5441 0.0046 0.0362 0.0658 0.0365
15.5441 0.0046 0.0362 0.0658 0.0365
15.5441 0.0046 0.0362 0.0658 0.0365
15.5441 0.0046 0.0362 0.0658 0.0365
15.5441 0.0046 0.0362 0.0658 0.0365
15.5441 0.0046 0.0362 0.0658 0.0365
15.5441 0.0046 0.0362 0.0658 0.0365
0.7621 0.0024 0.0079 0.1997 0.0080
0.7621 0.0024 0.0079 0.1997 0.0080
0.7621 0.0024 0.0079 0.1997 0.0080
0.7621 0.0024 0.0079 0.1997 0.0080
0.7621 0.0024 0.0079 0.1997 0.0080
0.7621 0.0024 0.0079 0.1997 0.0080
0.7621 0.0024 0.0079 0.1997 0.0080
0.7621 0.0024 0.0079 0.1997 0.0080
0.7621 0.0024 0.0079 0.1997 0.0080
0.7621 0.0024 0.0079 0.1997 0.0080
0.5385 0.0040 0.0340 0.0300 0.0341
0.5389 0.0040 0.0340 0.0300 0.0341
0.5388 0.0040 0.0340 0.0300 0.0341
0.5394 0.0040 0.0340 0.0300 0.0341
0.5387 0.0040 0.0340 0.0300 0.0341
0.5387 0.0040 0.0340 0.0300 0.0341
0.5387 0.0040 0.0340 0.0300 0.0341
0.5377 0.0040 0.0340 0.0300 0.0341
0.5387 0.0040 0.0340 0.0300 0.0341
0.5402 0.0040 0.0340 0.0300 0.0341
0.9516 0.0018 0.0121 0.0004 0.0119
0.9516 0.0018 0.0121 0.0004 0.0119
0.9516 0.0018 0.0121 0.0004 0.0119
0.9516 0.0018 0.0121 0.0004 0.0119
0.9516 0.0018 0.0121 0.0004 0.0119
0.9516 0.0018 0.0121 0.0004 0.0119
0.9516 0.0018 0.0121 0.0004 0.0119
0.9516 0.0018 0.0121 0.0004 0.0119
0.9516 0.0018 0.0121 0.0004 0.0119
0.9516 0.0018 0.0121 0.0004 0.0119
15.1204 0.0034 0.0103 0.0002 0.0104
15.1204 0.0034 0.0103 0.0002 0.0104
15.1204 0.0034 0.0103 0.0002 0.0104
15.1204 0.0034 0.0103 0.0002 0.0104
15.1204 0.0034 0.0103 0.0002 0.0104
15.1204 0.0034 0.0103 0.0002 0.0104
15.1204 0.0034 0.0103 0.0002 0.0104
15.1204 0.0034 0.0103 0.0002 0.0104
15.1204 0.0034 0.0103 0.0002 0.0104
15.1204 0.0034 0.0103 0.0002 0.0104
0.6560 0.0044 0.0295 0.0842 0.0300
0.6560 0.0044 0.0295 0.0842 0.0300
0.6560 0.0044 0.0295 0.0842 0.0300
0.6560 0.0044 0.0295 0.0842 0.0300
0.6560 0.0044 0.0295 0.0842 0.0300
0.6560 0.0044 0.0295 0.0842 0.0300
0.6560 0.0044 0.0295 0.0842 0.0300
0.6560 0.0044 0.0295 0.0842 0.0300
0.6560 0.0044 0.0295 0.0842 0.0300
0.6560 0.0044 0.0295 0.0842 0.0300
1.2795 0.0024 0.0057 0.0200 0.0056
1.2795 0.0024 0.0057 0.0200 0.0056
1.2795 0.0024 0.0057 0.0200 0.0056
1.2795 0.0024 0.0057 0.0200 0.0056
1.2795 0.0024 0.0057 0.0200 0.0056
1.2795 0.0024 0.0057 0.0200 0.0056
1.2795 0.0024 0.0057 0.0200 0.0056
1.2795 0.0024 0.0057 0.0200 0.0056
1.2795 0.0024 0.0057 0.0200 0.0056
1.2795 0.0024 0.0057 0.0200 0.0056
2.8276 0.0010 0.0246 0.0006 0.0247
2.8276 0.0010 0.0246 0.0006 0.0247
2.8276 0.0010 0.0246 0.0006 0.0247
2.8276 0.0010 0.0246 0.0006 0.0247
2.8276 0.0010 0.0246 0.0006 0.0247
2.8276 0.0010 0.0246 0.0006 0.0247
2.8276 0.0010 0.0246 0.0006 0.0247
2.8276 0.0010 0.0246 0.0006 0.0247
2.8276 0.0010 0.0246 0.0006 0.0247
2.8276 0.0010 0.0246 0.0006 0.0247
1.6657 0.0020 0.0035 0.0512 0.0034
1.6657 0.0020 0.0035 0.0512 0.0034
1.6657 0.0020 0.0035 0.0512 0.0034
1.6657 0.0020 0.0035 0.0512 0.0034
1.6657 0.0020 0.0035 0.0512 0.0034
1.6657 0.0020 0.0035 0.0512 0.0034
1.6657 0.0020 0.0035 0.0512 0.0034
1.6657 0.0020 0.0035 0.0512 0.0034
1.6657 0.0020 0.0035 0.0512 0.0034
1.6657 0.0020 0.0035 0.0512 0.0034
0.4440 0.0020 0.0094 0.1155 0.0093
0.4467 0.0020 0.0094 0.1155 0.0093
0.4507 0.0020 0.0094 0.1155 0.0093
0.4465 0.0020 0.0094 0.1155 0.0093
0.4498 0.0020 0.0094 0.1155 0.0093
0.4440 0.0020 0.0094 0.1155 0.0093
0.4444 0.0020 0.0094 0.1155 0.0093
0.4471 0.0020 0.0094 0.1155 0.0093
0.4330 0.0020 0.0094 0.1090 0.0093
0.4504 0.0020 0.0094 0.1155 0.0093
3.9276 0.0029 0.0003 0.2069 0.0003
3.9276 0.0029 0.0003 0.2069 0.0003
3.9276 0.0029 0.0003 0.2069 0.0003
3.9276 0.0029 0.0003 0.2069 0.0003
3.9276 0.0029 0.0003 0.2069 0.0003
3.9276 0.0029 0.0003 0.2069 0.0003
3.9276 0.0029 0.0003 0.2069 0.0003
3.9276 0.0029 0.0003 0.2069 0.0003
3.9276 0.0029 0.0003 0.2069 0.0003
3.9276 0.0029 0.0003 0.2069 0.0003
7.4853 0.0014 0.0135 0.0332 0.0135
7.4853 0.0014 0.0135 0.0332 0.0135
7.4853 0.0014 0.0135 0.0332 0.0135
7.4853 0.0014 0.0135 0.0332 0.0135
7.4853 0.0014 0.0135 0.0332 0.0135
7.4853 0.0014 0.0135 0.0332 0.0135
7.4853 0.0014 0.0135 0.0332 0.0135
7.4853 0.0014 0.0135 0.0332 0.0135
7.4853 0.0014 0.0135 0.0332 0.0135
7.4853 0.0014 0.0135 0.0332 0.0135
1.9475 0.0021 0.0100 0.0675 0.0101
1.9475 0.0021 0.0100 0.0675 0.0101
1.9475 0.0021 0.0100 0.0675 0.0101
1.9475 0.0021 0.0100 0.0675 0.0101
1.9475 0.0021 0.0100 0.0675 0.0101
1.9475 0.0021 0.0100 0.0675 0.0101
1.9475 0.0021 0.0100 0.0675 0.0101
1.9475 0.0021 0.0100 0.0675 0.0101
1.9475 0.0021 0.0100 0.0675 0.0101
1.9475 0.0021 0.0100 0.0675 0.0101
6.6521 0.0033 0.0081 1.8118 0.0081
6.6521 0.0033 0.0081 1.8118 0.0081
6.6521 0.0033 0.0081 1.8118 0.0081
6.6521 0.0033 0.0081 1.8118 0.0081
6.6521 0.0033 0.0081 1.8118 0.0081
6.6521 0.0033 0.0081 1.8118 0.0081
6.6521 0.0033 0.0081 1.8118 0.0081
6.6521 0.0033 0.0081 1.8118 0.0081
6.6521 0.0033 0.0081 1.8118 0.0081
6.6521 0.0033 0.0081 1.8118 0.0081
68.0709 0.6877 0.0049 2.6341 0.0097
68.0709 0.6877 0.0049 2.6341 0.0097
68.0709 0.6877 0.0049 2.6341 0.0097
68.0709 0.6877 0.0049 2.6341 0.0097
68.0709 0.6877 0.0049 2.6341 0.0097
68.0709 0.6877 0.0049 2.6341 0.0097
68.0709 0.6877 0.0049 2.6341 0.0097
68.0709 0.6877 0.0049 2.6341 0.0097
68.0709 0.6877 0.0049 2.6341 0.0097
68.0709 0.6877 0.0049 2.6341 0.0097
2.6382 0.0013 0.0010 8.9341 0.0009
2.6382 0.0013 0.0010 8.9341 0.0009
2.6382 0.0013 0.0010 8.9341 0.0009
2.6382 0.0013 0.0010 8.9341 0.0009
2.6382 0.0013 0.0010 8.9341 0.0009
2.6382 0.0013 0.0010 8.9341 0.0009
2.6382 0.0013 0.0010 8.9341 0.0009
2.6382 0.0013 0.0010 8.9341 0.0009
2.6382 0.0013 0.0010 8.9341 0.0009
2.6382 0.0013 0.0010 8.9341 0.0009
