0.0063 0.0015
0.0063 0.0015
0.0063 0.0015
0.0063 0.0015
0.0063 0.0015
0.0063 0.0015
0.0063 0.0015
0.0063 0.0015
0.0063 0.0015
0.0063 0.0015
0.0054 0.0180
0.0054 0.0180
0.0054 0.0180
0.0054 0.0180
0.0054 0.0180
0.0054 0.0180
0.0054 0.0180
0.0054 0.0180
0.0054 0.0180
0.0054 0.0180
0.0053 0.0506
0.0053 0.0506
0.0053 0.0506
1.9603 0.2399
0.0053 0.0506
2.0733 0.0534
0.0053 0.0506
0.0053 0.0506
0.0053 0.0506
0.0053 0.0506
0.0052 0.0067
0.0052 0.0067
0.0052 0.0067
0.0052 0.0067
0.0052 0.0067
0.0052 0.0067
0.0052 0.0067
0.0052 0.0067
0.0052 0.0067
0.0052 0.0067
0.0037 0.0029
0.0037 0.0029
0.0037 0.0029
0.0037 0.0029
0.0037 0.0029
0.0037 0.0029
0.0037 0.0029
2.5820 0.0007
0.0037 0.0029
0.0037 0.0029
0.0096 0.0078
3.2632 0.0047
0.0096 0.0078
3.2632 0.0047
0.0097 0.0078
0.0096 0.0078
0.0097 0.0078
3.5399 0.0024
0.0096 0.0078
0.0097 0.0078
0.0021 0.0000
0.0021 0.0000
0.0021 0.0000
0.0021 0.0000
0.0021 0.0000
0.0021 0.0000
0.0021 0.0000
0.0021 0.0000
0.0021 0.0000
0.0021 0.0000
0.0083 0.0224
0.0083 0.0224
0.0083 0.0224
0.0083 0.0224
0.0083 0.0224
0.0083 0.0224
0.0083 0.0224
0.0083 0.0224
0.0083 0.0224
0.0083 0.0224
0.0050 0.0052
0.0050 0.0052
0.0050 0.0052
0.0050 0.0052
0.0050 0.0052
0.0050 0.0052
0.0050 0.0052
0.0050 0.0052
0.0050 0.0052
0.0050 0.0052
0.0059 0.0111
0.0059 0.0111
0.0059 0.0111
0.0059 0.0111
0.0059 0.0111
0.0059 0.0111
0.0059 0.0111
2.1716 0.0188
0.0059 0.0111
0.0059 0.0111
0.0066 0.0146
2.5743 0.1029
2.5797 0.1028
0.0066 0.0146
0.0066 0.0146
0.0066 0.0146
0.0066 0.0146
0.0066 0.0146
0.0066 0.0146
0.0066 0.0146
0.0062 0.0193
0.0062 0.0193
0.0062 0.0193
0.0062 0.0193
0.0062 0.0193
0.0062 0.0193
0.0062 0.0193
0.0062 0.0193
0.0062 0.0193
0.0062 0.0193
0.0105 0.0034
0.0105 0.0034
0.0105 0.0034
0.0105 0.0034
0.0105 0.0034
0.0105 0.0034
0.0105 0.0034
0.0105 0.0034
0.0105 0.0034
0.0105 0.0034
0.0022 0.0020
0.0022 0.0020
0.0022 0.0020
2.2963 0.0152
0.0022 0.0020
0.0022 0.0020
2.2962 0.0152
0.0022 0.0020
0.0022 0.0020
0.0022 0.0020
0.0092 0.0007
0.0092 0.0007
0.0092 0.0007
0.0092 0.0007
0.0092 0.0007
0.0092 0.0007
0.0092 0.0007
0.0092 0.0007
0.0092 0.0007
0.0092 0.0007
0.0097 0.0061
0.0097 0.0061
0.0097 0.0061
0.0097 0.0061
4.7444 0.5997
0.0097 0.0061
0.0097 0.0061
0.0097 0.0061
0.0097 0.0061
0.0097 0.0061
0.0048 0.0145
0.0048 0.0145
0.0048 0.0145
0.0047 0.0145
2.9048 0.0672
0.0047 0.0145
2.9062 0.0672
0.0047 0.0145
0.0047 0.0145
0.0047 0.0145
0.0094 0.0054
0.0094 0.0054
3.5624 0.9927
0.0094 0.0054
0.0094 0.0054
0.0094 0.0054
0.0094 0.0054
0.0094 0.0054
0.0094 0.0054
0.0094 0.0054
0.0036 0.0065
0.0036 0.0065
0.0036 0.0065
0.0036 0.0065
0.0036 0.0065
0.0036 0.0065
0.0036 0.0065
0.0036 0.0065
0.0036 0.0065
0.0036 0.0065
2.8517 0.0005
2.8517 0.0005
3.7277 0.1147
0.0076 0.0167
0.0076 0.0167
2.8517 0.0005
0.0076 0.0167
2.9397 0.1566
0.0076 0.0167
0.0076 0.0167
