9.6386 0.0380 0.0001 0.0449 0.0002
9.3615 0.0381 0.0001 0.6597 0.0002
9.2384 0.0381 0.0001 0.9423 0.0002
9.3807 0.0376 0.0001 0.5809 0.0002
9.2463 0.0381 0.0001 0.3957 0.0002
9.3267 0.0381 0.0001 0.6873 0.0002
9.3111 0.0381 0.0001 0.7029 0.0002
9.2791 0.0381 0.0001 0.7285 0.0002
9.4020 0.0381 0.0001 0.4767 0.0002
9.6533 0.0380 0.0001 0.0494 0.0002
26.6893 3.4159 0.0007 15.8621 0.0011
26.4770 3.1108 0.0007 12.0767 0.0580
25.4457 0.0143 0.0007 14.3389 0.0008
26.1461 3.5014 0.0007 6.4795 0.0183
27.6542 3.9876 0.0007 10.4561 0.0350
26.4185 3.4836 0.0007 12.0733 0.0669
25.7041 4.2325 0.0007 6.4033 0.0117
26.6571 3.9473 0.0007 12.1379 0.0243
25.0914 3.9476 0.0007 5.7818 0.0243
24.7278 2.1240 0.0007 5.5542 0.0056
27.7729 1.1936 0.0033 0.1471 0.0034
27.6856 1.1737 0.0033 0.1595 0.0034
27.7097 1.1737 0.0033 0.1560 0.0034
27.7116 1.1737 0.0033 0.1558 0.0034
27.7281 1.1737 0.0033 0.1534 0.0034
27.7231 1.1737 0.0033 0.1541 0.0034
27.7530 1.1922 0.0033 0.1499 0.0034
27.7218 1.1737 0.0033 0.1543 0.0034
27.7401 1.1737 0.0033 0.1517 0.0034
27.7592 1.1922 0.0033 0.1490 0.0034
16.9435 2.2093 0.0021 0.8517 0.0271
16.9435 2.2093 0.0021 0.8517 0.0271
16.9435 2.2093 0.0021 0.8517 0.0271
16.9435 2.2093 0.0021 0.8517 0.0271
16.9435 2.2093 0.0021 0.8517 0.0271
16.2949 0.0324 0.0021 0.8517 0.0017
16.9435 2.2093 0.0021 0.8517 0.0271
16.8300 2.6886 0.0021 0.8517 0.0250
16.9435 2.2093 0.0021 0.8517 0.0271
16.9435 2.2093 0.0021 0.8517 0.0271
7.6919 0.0385 0.0037 0.5825 0.0037
7.6919 0.0385 0.0037 0.5825 0.0037
7.6919 0.0385 0.0037 0.5825 0.0037
7.6919 0.0385 0.0037 0.5825 0.0037
7.6919 0.0385 0.0037 0.5825 0.0037
7.6919 0.0385 0.0037 0.5825 0.0037
7.6919 0.0385 0.0037 0.5825 0.0037
7.6919 0.0385 0.0037 0.5825 0.0037
7.6919 0.0385 0.0037 0.5825 0.0037
7.6919 0.0385 0.0037 0.5825 0.0037
10.8851 3.6181 0.0010 0.1543 0.0004
10.8851 3.6181 0.0010 0.1543 0.0004
10.8851 3.6181 0.0010 0.1543 0.0004
10.8851 3.6181 0.0010 0.1543 0.0004
10.8851 3.6181 0.0010 0.1543 0.0004
10.8851 3.6181 0.0010 0.1543 0.0004
10.8851 3.6181 0.0010 0.1543 0.0004
10.8851 3.6181 0.0010 0.1543 0.0004
10.8851 3.6181 0.0010 0.1543 0.0004
10.8851 3.6181 0.0010 0.1543 0.0004
19.8523 5.4286 0.0001 0.0158 0.0134
20.0296 4.5549 0.0001 1.8272 0.0233
19.0755 1.5701 0.0001 0.1205 0.0001
18.9596 3.7305 0.0001 0.9580 0.0072
19.7033 4.5549 0.0001 0.4401 0.0233
19.9960 4.1201 0.0001 1.0418 0.0001
19.1879 0.0265 0.0001 3.4710 0.0000
19.5098 0.0246 0.0001 2.7609 0.0000
19.5148 4.6378 0.0001 2.5033 0.0020
19.3350 3.7098 0.0001 0.9886 0.0080
22.6328 6.2023 0.0304 0.4594 0.2133
22.4532 6.2023 0.0304 0.7864 0.2133
22.3196 6.2023 0.0304 0.6611 0.2133
21.8983 5.9072 0.0304 0.0266 0.1968
22.3950 4.8044 0.0304 0.2694 0.1817
22.2162 4.9367 0.0304 0.0029 0.0101
23.2675 5.9072 0.0304 0.7729 0.1968
20.9280 2.4443 0.0304 0.1333 0.1149
21.6195 0.0302 0.0304 0.3948 0.0301
23.3723 4.8389 0.0304 0.3197 0.1721
24.5323 5.9273 0.0037 1.4654 0.0370
24.5323 5.9273 0.0037 1.4654 0.0370
24.5323 5.9273 0.0037 1.4654 0.0370
24.5323 5.9273 0.0037 1.4654 0.0370
24.5323 5.9273 0.0037 1.4654 0.0370
24.5323 5.9273 0.0037 1.4654 0.0370
24.5323 5.9273 0.0037 1.4654 0.0370
24.5323 5.9273 0.0037 1.4654 0.0370
24.5323 5.9273 0.0037 1.4654 0.0370
24.5323 5.9273 0.0037 1.4654 0.0370
17.3538 1.1001 0.0175 0.2367 0.0009
17.3540 1.1001 0.0175 0.2367 0.0009
17.3540 1.1001 0.0175 0.2367 0.0009
17.3540 1.1001 0.0175 0.2367 0.0009
17.3540 1.1001 0.0175 0.2367 0.0009
17.3540 1.1001 0.0175 0.2367 0.0009
17.3537 1.1001 0.0175 0.2367 0.0009
17.3540 1.1001 0.0175 0.2367 0.0009
17.3539 1.1001 0.0175 0.2367 0.0009
17.3540 1.1001 0.0175 0.2367 0.0009
20.4362 4.4336 0.0194 0.2727 0.0473
18.6555 0.0210 0.0194 0.0314 0.0194
20.4866 4.4336 0.0194 0.2231 0.0473
20.3098 4.1067 0.0194 0.0083 0.0111
20.4425 2.9050 0.0194 0.0133 0.0001
19.8226 0.0210 0.0194 0.0689 0.0194
19.8007 0.0210 0.0194 0.0977 0.0194
19.8033 0.0210 0.0194 0.0980 0.0194
18.6799 4.4746 0.0194 2.8789 0.0191
19.8499 0.0210 0.0194 0.1552 0.0194
17.9914 0.0294 0.0039 1.6491 0.0038
18.2163 2.9745 0.0039 4.0953 0.0673
18.1408 2.9693 0.0039 4.0953 0.0926
17.9184 2.9693 0.0039 4.0953 0.0926
18.3860 0.0291 0.0039 4.0953 0.0038
18.3318 2.9736 0.0039 4.0953 0.0673
18.0311 2.9705 0.0039 4.0953 0.0926
18.1695 2.9745 0.0039 4.0953 0.0673
17.8739 0.0291 0.0039 4.0953 0.0038
17.9059 0.0291 0.0039 4.0953 0.0038
27.7878 0.0201 0.0189 0.2422 0.0191
27.4508 3.2017 0.0189 0.1668 0.0161
27.8229 3.3270 0.0189 0.1714 0.0161
27.5725 2.0115 0.0189 0.1921 0.0152
27.7751 0.0201 0.0189 0.2506 0.0192
27.6193 3.4769 0.0189 0.1995 0.0100
27.6540 3.4769 0.0189 0.0525 0.0100
27.6035 2.0115 0.0189 0.2001 0.0152
28.0911 0.0201 0.0189 0.0012 0.0191
27.9362 0.0200 0.0189 0.0190 0.0191
21.1930 0.0190 0.0201 0.0780 0.0201
21.2130 3.3965 0.0201 0.1185 0.0209
21.3291 0.0190 0.0201 0.1572 0.0201
21.2540 0.0190 0.0201 0.1572 0.0201
21.3685 0.0190 0.0201 0.1572 0.0201
21.2437 0.0190 0.0201 0.1572 0.0201
21.1722 3.3965 0.0201 0.0446 0.0209
21.3500 0.0190 0.0201 0.1572 0.0201
21.3452 0.0190 0.0201 0.1572 0.0201
21.3463 0.0190 0.0201 0.1572 0.0201
31.8076 6.1311 0.0073 0.1192 0.0889
31.8076 6.1311 0.0073 0.1192 0.0889
31.8076 6.1311 0.0073 0.1192 0.0889
31.8076 6.1311 0.0073 0.1192 0.0889
31.8076 6.1311 0.0073 0.1192 0.0889
31.8076 6.1311 0.0073 0.1192 0.0889
31.8076 6.1311 0.0073 0.1192 0.0889
31.8076 6.1311 0.0073 0.1192 0.0889
31.8076 6.1311 0.0073 0.1192 0.0889
31.8076 6.1311 0.0073 0.1192 0.0889
11.5994 4.1986 0.0027 0.2119 0.0033
11.5994 4.1986 0.0027 0.2119 0.0033
11.5994 4.1986 0.0027 0.2119 0.0033
11.5994 4.1986 0.0027 0.2119 0.0033
11.5994 4.1986 0.0027 0.2119 0.0033
11.5994 4.1986 0.0027 0.2119 0.0033
11.5994 4.1986 0.0027 0.2119 0.0033
11.5994 4.1986 0.0027 0.2119 0.0033
11.5994 4.1986 0.0027 0.2119 0.0033
11.5994 4.1986 0.0027 0.2119 0.0033
35.7698 5.2229 0.0096 0.0455 0.0184
35.7698 5.2229 0.0096 0.0455 0.0184
35.7698 5.2229 0.0096 0.0455 0.0184
35.7698 5.2229 0.0096 0.0455 0.0184
35.7698 5.2229 0.0096 0.0455 0.0184
35.7698 5.2229 0.0096 0.0455 0.0184
35.7698 5.2229 0.0096 0.0455 0.0184
35.7698 5.2229 0.0096 0.0455 0.0184
35.7698 5.2229 0.0096 0.0455 0.0184
35.7698 5.2229 0.0096 0.0455 0.0184
39.5562 0.0232 0.0044 3.2318 0.0045
39.7908 0.0232 0.0044 1.6714 0.0045
39.5111 0.0232 0.0044 3.6767 0.0045
39.7667 0.0232 0.0044 1.6312 0.0045
39.9847 0.0232 0.0044 1.7687 0.0045
39.8285 1.3226 0.0044 1.3358 0.0044
40.0752 0.0232 0.0044 1.9641 0.0045
41.0648 4.4975 0.0044 1.2894 0.0026
39.7970 0.0232 0.0044 1.6334 0.0045
38.5337 0.0228 0.0044 2.0346 0.0045
33.4425 2.3424 0.0183 3.0359 0.0157
33.3281 3.9532 0.0183 3.0305 0.0128
34.2160 1.6274 0.0183 3.9809 0.0016
34.0163 1.6274 0.0183 3.7556 0.0016
35.1951 2.3424 0.0183 21.4124 0.0157
33.8406 3.2192 0.0183 3.6561 0.0130
34.0062 1.6274 0.0183 3.2620 0.0016
34.4506 1.6274 0.0183 4.0100 0.0016
33.9826 1.6274 0.0183 3.7506 0.0016
32.8091 1.6274 0.0183 1.8771 0.0016
40.4224 7.7449 0.0012 2.6085 0.0463
40.4224 7.7449 0.0012 2.6085 0.0463
40.4224 7.7449 0.0012 2.6085 0.0463
40.4224 7.7449 0.0012 2.6085 0.0463
40.4224 7.7449 0.0012 2.6085 0.0463
40.4224 7.7449 0.0012 2.6085 0.0463
40.4224 7.7449 0.0012 2.6085 0.0463
40.4224 7.7449 0.0012 2.6085 0.0463
40.4224 7.7449 0.0012 2.6085 0.0463
40.4224 7.7449 0.0012 2.6085 0.0463
