0.0361 0.0002
2.7236 0.0057
0.0379 0.0002
2.3330 0.0420
0.0361 0.0002
0.0378 0.0002
0.0340 0.0001
0.0379 0.0002
2.7236 0.0057
3.6054 0.0057
0.0141 0.0008
3.4454 0.0485
0.0140 0.0008
3.3570 0.0002
0.0141 0.0008
0.0140 0.0008
2.5620 0.0011
3.9689 0.0372
1.2298 0.0008
1.2298 0.0008
0.0299 0.0033
1.1740 0.0034
1.9435 0.0023
0.0300 0.0033
0.0299 0.0033
1.6823 0.0034
0.0275 0.0033
4.6643 0.0016
1.1743 0.0034
4.0524 0.0028
3.9228 0.0067
3.9568 0.0025
2.2296 0.0079
3.9567 0.0026
2.7909 0.0012
4.1877 0.0021
2.5115 0.0007
0.0330 0.0017
1.8176 0.0045
4.4546 0.0082
5.3505 0.0014
4.2327 0.0033
4.6982 0.0043
0.0393 0.0037
0.0389 0.0037
4.2327 0.0033
0.0385 0.0037
0.0368 0.0037
0.0391 0.0037
2.2307 0.0037
0.5045 0.0072
2.2912 0.0025
2.2905 0.0025
0.5043 0.0072
0.0275 0.0010
3.1433 0.0286
0.0280 0.0010
2.4695 0.0042
3.6499 0.0009
3.2559 0.0132
0.0247 0.0000
0.0247 0.0000
0.0256 0.0000
3.7478 0.0039
3.1504 0.0995
3.1519 0.0995
0.0259 0.0000
0.0248 0.0000
4.6076 0.0620
0.0247 0.0000
5.0613 0.0181
4.1119 0.0233
4.1119 0.0233
0.0302 0.0301
4.0104 0.1322
4.2570 0.0075
4.7652 0.0525
4.2481 0.0723
3.9776 0.0053
2.4455 0.1152
4.5838 0.0001
4.5691 0.0020
3.1219 0.0007
5.2739 0.0336
0.0200 0.0033
0.0195 0.0033
3.6894 0.0005
0.0198 0.0033
4.1861 0.0004
0.0195 0.0033
0.0162 0.0172
0.0162 0.0172
0.0182 0.0172
4.0458 0.0266
4.6833 0.0012
5.2019 0.0113
5.4842 0.0178
3.6261 0.0292
3.0723 0.0256
0.9083 0.0006
2.7077 0.0183
0.0209 0.0194
0.0209 0.0194
2.7077 0.0183
0.0210 0.0194
0.0210 0.0194
0.0209 0.0194
0.0210 0.0194
3.4476 0.0010
0.0209 0.0194
0.0291 0.0038
0.0271 0.0038
3.6300 0.0600
0.0291 0.0038
1.3321 0.0049
4.0000 0.0122
0.0291 0.0038
2.2752 0.0138
4.2599 0.0177
1.3320 0.0049
2.4208 0.0176
0.0201 0.0191
2.7248 0.0160
2.4214 0.0176
0.0201 0.0191
0.0201 0.0191
0.0200 0.0191
0.0201 0.0191
0.0200 0.0191
0.0201 0.0191
0.0189 0.0201
3.1618 0.0083
0.0189 0.0201
0.0190 0.0201
0.0189 0.0201
0.0190 0.0201
0.0190 0.0201
0.0189 0.0201
0.0189 0.0201
0.0190 0.0201
0.0260 0.0073
2.0113 0.0112
2.0308 0.0058
0.0264 0.0073
2.6883 0.0313
2.0112 0.0112
1.5586 0.0070
1.6978 0.0023
1.6977 0.0022
5.6190 0.0327
0.0211 0.0027
0.0212 0.0027
0.0211 0.0027
0.0221 0.0027
0.0211 0.0027
1.2890 0.0028
0.0210 0.0027
3.7060 0.0040
2.8263 0.0032
0.0223 0.0027
4.8154 0.0119
0.0277 0.0094
2.6810 0.0096
3.6237 0.0119
2.6810 0.0096
2.6810 0.0096
5.7402 0.0155
5.7403 0.0155
3.2305 0.0099
5.9768 0.0187
1.5663 0.0031
0.0203 0.0045
2.7938 0.0027
1.3218 0.0044
1.4977 0.0039
4.5439 0.0016
4.0506 0.0026
5.9708 0.0364
4.1638 0.0024
1.4973 0.0039
3.2226 0.0129
1.5958 0.0156
1.6274 0.0016
0.0279 0.0184
0.0278 0.0184
2.2593 0.0006
0.0279 0.0184
0.0283 0.0184
0.0279 0.0184
0.0279 0.0184
0.0289 0.0011
3.8126 0.0014
0.0289 0.0011
3.8126 0.0014
0.0288 0.0011
0.0289 0.0011
0.0288 0.0011
0.0290 0.0011
3.5401 0.0015
0.0289 0.0011
