10.8533 0.0374
10.3417 0.0040
7.8479 0.0003
9.9130 0.0079
9.0832 0.0006
8.8299 0.0056
12.3866 0.0022
9.4596 0.0014
9.3554 0.0006
7.2217 0.0029
8.2456 0.0224
7.5378 0.0070
5.9150 0.0001
9.5202 0.0073
3.8338 0.0098
5.9423 0.0004
8.0385 0.0219
8.2088 0.0000
6.8791 0.0000
6.1970 0.0001
5.1153 0.0000
7.6254 0.0002
4.9581 0.0006
5.9708 0.0031
8.3495 0.0032
10.9080 0.0007
4.6240 0.0002
12.1250 0.1189
6.9492 0.0002
7.7869 0.0000
6.9448 0.0111
12.1056 0.0028
8.9330 0.0260
8.0186 0.0021
4.3287 0.0044
8.0891 0.0026
7.0406 0.0001
8.7914 0.0081
7.4732 0.0009
0.7908 0.0001
5.6606 0.0019
4.5559 0.0000
5.0988 0.0002
8.8440 0.0000
7.7358 0.0094
3.8174 0.0000
7.9887 0.0003
7.9359 0.0063
7.6635 0.0058
8.5860 0.0001
5.3327 0.0009
6.6068 0.0090
7.5992 0.0200
7.5716 0.0118
6.2161 0.0062
5.3749 0.0140
7.9385 0.0117
6.6532 0.0002
3.8208 0.0085
6.2677 0.0094
8.9314 0.0000
8.4467 0.0135
8.7063 0.0000
7.9979 0.0145
6.6055 0.0003
7.5028 0.0048
7.1131 0.0003
7.9360 0.0033
7.2072 0.0101
7.6279 0.0001
7.5132 0.0000
6.2066 0.0017
6.9157 0.0001
5.1532 0.0053
7.0600 0.0004
6.2345 0.0017
7.9534 0.0019
7.8147 0.0020
10.2836 0.0004
4.7709 0.0007
8.3991 0.0044
6.6739 0.0039
7.4924 0.0014
6.0044 0.0008
2.2976 0.0000
8.7860 0.0003
6.0351 0.0015
9.4459 0.0000
8.5180 0.0001
5.6633 0.0043
3.5585 0.0063
7.2190 0.0564
7.7950 0.0124
12.3460 0.0003
9.5052 0.0323
8.6672 0.0007
10.4639 0.0270
7.6275 0.0002
6.7304 0.0020
8.8762 0.0320
8.5989 0.0630
7.9032 0.0254
7.8390 0.0188
10.6112 0.0363
5.8988 0.0137
6.5352 0.0157
7.4877 0.1849
6.8900 0.0089
9.6167 0.0299
8.3518 0.2118
9.9736 0.0692
9.6035 0.0165
9.8150 0.0738
9.4046 0.1607
10.4940 0.0160
7.6487 0.0257
9.4173 0.0525
9.4929 0.0412
10.7895 0.0026
9.8249 0.0483
10.7996 0.0009
5.6133 0.0025
6.9074 0.0017
12.1707 0.0245
3.5966 0.0005
7.6867 0.0021
3.8213 0.0019
9.7457 0.0020
9.5395 0.0729
7.8067 0.0001
10.3635 0.0000
4.4824 0.0108
11.6989 0.0070
8.9257 0.0005
10.4343 0.0092
11.2408 0.1291
11.5065 0.0003
6.8882 0.0000
12.2150 0.0634
14.1526 0.1084
6.8326 0.0274
6.5225 0.0176
6.3075 0.0365
6.7717 0.0174
5.4208 0.0170
5.8463 0.0085
7.0690 0.0048
8.3593 0.0223
6.1168 0.0135
6.2987 0.0303
9.7673 0.1519
11.2876 0.1628
8.3400 0.0685
10.8624 0.0150
9.0534 0.0891
7.1786 0.1546
7.4574 0.0474
6.3452 0.0073
10.8692 0.0046
9.2039 0.0541
6.6118 0.0001
8.8379 0.0363
9.5050 0.0000
0.0757 0.0014
0.0747 0.0014
6.7766 0.1006
9.2275 0.0010
5.3248 0.0006
6.9082 0.0017
9.8031 0.0002
10.8909 0.9679
12.5403 0.0095
7.9835 0.0248
12.1169 0.0115
6.1331 0.0178
9.3462 0.0500
13.9354 0.0009
12.1744 0.0008
11.0191 0.0040
15.0957 0.0123
5.1709 0.0004
3.0385 0.0000
7.4777 0.0009
9.5477 0.0000
4.8448 0.0032
5.2753 0.0053
4.6413 0.0080
4.8643 0.0070
5.6924 0.0113
7.5355 0.0109
8.6043 0.0000
6.1590 0.0007
6.4920 0.0037
7.3476 0.0025
4.1944 0.0005
5.7209 0.0471
7.0927 0.0138
5.3761 0.0043
5.7961 0.0026
8.1373 0.0001
