27.8366 0.0496 0.0001 0.0566 0.0002
27.7696 0.0493 0.0001 0.0257 0.0002
27.8578 0.0496 0.0001 0.0719 0.0002
27.8449 0.0496 0.0001 0.0621 0.0002
27.8306 0.0496 0.0001 0.0529 0.0002
27.3774 0.0493 0.0001 0.0516 0.0002
28.1334 2.8048 0.0001 0.2041 0.0001
27.9868 0.0495 0.0001 0.0028 0.0002
27.8091 0.0493 0.0001 0.0413 0.0002
27.8041 0.0490 0.0001 0.0390 0.0002
29.8951 5.0537 0.0027 0.4466 0.0203
29.6393 5.0537 0.0027 0.2685 0.0203
29.5220 2.2039 0.0027 0.1843 0.0027
28.8479 0.0461 0.0027 0.0200 0.0027
27.9663 2.2042 0.0027 0.0215 0.0027
29.5727 2.4921 0.0027 0.2735 0.0027
28.3579 7.2822 0.0027 0.3179 0.0143
29.1860 0.0475 0.0027 0.0004 0.0027
28.9350 3.2036 0.0027 0.1181 0.0028
30.3224 2.2251 0.0027 0.0397 0.0027
26.3269 0.0438 0.0004 0.0073 0.0004
26.4560 0.0426 0.0004 0.1226 0.0003
26.3109 0.0438 0.0004 0.0010 0.0004
26.1086 0.0427 0.0004 0.3987 0.0003
26.3143 0.0436 0.0004 0.3303 0.0004
26.2252 0.0428 0.0004 0.0543 0.0003
26.4653 0.0428 0.0004 0.2651 0.0003
26.3790 0.0436 0.0004 0.1559 0.0004
26.4060 0.0427 0.0004 0.2540 0.0003
26.1336 0.0425 0.0004 0.0285 0.0003
20.3556 0.0493 0.0069 0.0014 0.0067
20.3275 0.0495 0.0069 0.0014 0.0067
19.9684 7.1512 0.0069 0.0014 0.0607
19.6478 0.0493 0.0069 0.0014 0.0067
20.0921 4.7751 0.0069 0.0014 0.0068
19.5836 4.9849 0.0069 0.0014 0.0998
19.8276 0.0504 0.0069 0.0014 0.0067
19.9698 0.0502 0.0069 0.0014 0.0067
19.6640 4.9862 0.0069 0.0014 0.0998
20.0058 6.6863 0.0069 0.0014 0.0651
40.8748 0.0534 0.0296 0.1389 0.0276
40.9559 2.0002 0.0296 0.7301 0.1295
40.8305 2.0035 0.0296 0.4566 0.1286
40.8572 2.0036 0.0296 0.5636 0.1286
41.2961 0.0534 0.0296 0.0080 0.0277
40.6586 0.0548 0.0296 0.0038 0.0275
22.7833 0.0449 0.0046 0.0711 0.0038
23.7445 0.0457 0.0046 0.0143 0.0038
22.9852 2.5661 0.0046 0.0025 0.0056
22.6107 2.0945 0.0046 0.0012 0.0038
22.4843 0.0459 0.0046 0.0353 0.0038
22.6539 2.8580 0.0046 0.0394 0.0040
23.1430 5.4663 0.0046 0.0516 0.0487
23.1187 0.0449 0.0046 0.0277 0.0038
22.4783 2.5666 0.0046 0.0590 0.0056
22.9380 2.5658 0.0046 0.0586 0.0056
31.1251 0.0480 0.0297 1.3691 0.0298
31.1081 0.0480 0.0297 1.3691 0.0298
31.1080 0.0480 0.0297 1.3691 0.0298
31.1078 0.0480 0.0297 1.3691 0.0298
31.1076 0.0480 0.0297 1.3691 0.0298
31.2940 0.0480 0.0297 1.3691 0.0298
31.1160 0.0480 0.0297 1.3691 0.0298
31.1175 0.0480 0.0297 1.3691 0.0298
31.1080 0.0480 0.0297 1.3691 0.0298
31.1085 0.0480 0.0297 1.3691 0.0298
20.7176 0.0503 0.0261 0.2180 0.0245
20.6228 4.2573 0.0261 0.0210 0.0243
20.7777 0.0497 0.0261 0.2000 0.0245
20.5977 4.7660 0.0261 0.0248 0.0241
20.6467 4.2573 0.0261 0.0069 0.0243
20.4716 0.0495 0.0261 0.3893 0.0245
20.5633 0.0503 0.0261 0.2697 0.0245
20.7297 0.0498 0.0261 0.2182 0.0245
20.5556 4.7660 0.0261 0.0310 0.0241
20.2451 4.2572 0.0261 0.0040 0.0243
34.9252 0.0458 0.0149 1.5015 0.0149
34.8949 0.0458 0.0149 1.5015 0.0149
34.9037 0.0458 0.0149 1.5015 0.0149
34.8522 0.0458 0.0149 1.5015 0.0149
34.8153 0.0458 0.0149 1.5015 0.0149
34.8082 0.0458 0.0149 1.5015 0.0149
34.8223 0.0458 0.0149 1.5015 0.0149
35.4960 0.0459 0.0149 1.5015 0.0149
35.0179 0.0457 0.0149 1.5015 0.0149
34.9041 0.0458 0.0149 1.5015 0.0149
48.0529 4.3740 0.0172 0.1589 0.0028
48.0529 4.3740 0.0172 0.1589 0.0028
48.0529 4.3740 0.0172 0.1589 0.0028
48.0529 4.3740 0.0172 0.1589 0.0028
48.0529 4.3740 0.0172 0.1589 0.0028
48.0529 4.3740 0.0172 0.1589 0.0028
48.0529 4.3740 0.0172 0.1589 0.0028
27.3086 3.2656 0.0007 0.1104 0.0011
27.4741 3.7300 0.0007 0.1024 0.0004
26.9202 4.5037 0.0007 0.0006 0.0004
27.0006 3.0486 0.0007 0.0579 0.0012
27.3135 3.0480 0.0007 0.0755 0.0012
27.0374 3.8931 0.0007 0.0130 0.0004
27.2456 0.0412 0.0007 0.0925 0.0006
27.1366 3.0480 0.0007 0.0694 0.0012
27.0570 3.2660 0.0007 0.1012 0.0011
26.9450 0.0418 0.0007 0.0314 0.0006
29.1494 0.0405 0.0238 0.2060 0.0246
29.1497 0.0405 0.0238 0.2064 0.0246
29.1497 0.0405 0.0238 0.2064 0.0246
29.1497 0.0405 0.0238 0.2063 0.0246
29.1497 0.0405 0.0238 0.2064 0.0246
29.1497 0.0405 0.0238 0.2064 0.0246
29.1497 0.0405 0.0238 0.2064 0.0246
29.1497 0.0405 0.0238 0.2064 0.0246
29.1497 0.0405 0.0238 0.2064 0.0246
29.1497 0.0405 0.0238 0.2064 0.0246
17.5213 0.0534 0.0022 0.8449 0.0025
17.6694 0.0517 0.0022 0.7824 0.0025
16.9283 0.0536 0.0022 0.0365 0.0025
17.3648 0.0536 0.0022 0.0058 0.0025
17.0268 0.0534 0.0022 0.0075 0.0025
17.5717 0.0535 0.0022 0.1347 0.0025
17.2116 0.0529 0.0022 0.7155 0.0025
17.1018 0.0526 0.0022 0.0286 0.0025
16.9981 0.0530 0.0022 0.0534 0.0025
17.0514 0.0530 0.0022 0.0419 0.0025
27.5656 0.0406 0.0010 0.5918 0.0011
27.5354 0.0408 0.0010 0.5918 0.0011
27.5672 4.3641 0.0010 0.5918 0.0026
27.5672 0.0410 0.0010 0.5918 0.0011
27.5672 0.0410 0.0010 0.5918 0.0011
27.5672 3.7118 0.0010 0.5918 0.0014
27.5735 5.3773 0.0010 0.5918 0.1534
58.5283 5.9821 0.0084 0.1834 0.0037
57.6848 9.3912 0.0084 0.7640 0.0001
55.8089 1.7301 0.0084 0.2157 0.0081
59.1217 0.0409 0.0084 5.2614 0.0085
57.8042 0.0401 0.0084 7.3819 0.0085
56.5249 1.7278 0.0084 1.9187 0.0080
57.7492 1.7285 0.0084 6.0920 0.0081
58.0634 0.0406 0.0084 13.5770 0.0085
58.0807 4.9005 0.0084 5.9064 0.0029
57.5672 0.0408 0.0084 1.1214 0.0085
47.3796 4.1789 0.0004 0.4632 0.0015
46.0293 0.0422 0.0004 0.0111 0.0005
46.0529 0.0422 0.0004 0.0563 0.0005
46.0207 0.0422 0.0004 0.0583 0.0005
45.8062 0.0422 0.0004 0.0162 0.0005
46.0258 0.0422 0.0004 0.0051 0.0005
26.9966 0.0456 0.0002 0.3711 0.0001
26.1546 0.0453 0.0002 0.3695 0.0001
26.6306 0.0457 0.0002 0.0699 0.0001
26.4424 0.0449 0.0002 0.0008 0.0002
26.4189 0.0456 0.0002 0.4670 0.0001
26.4281 6.1151 0.0002 0.0065 0.1727
26.2021 0.0449 0.0002 0.0940 0.0001
27.0594 0.0456 0.0002 0.3669 0.0001
26.6210 6.1151 0.0002 0.0008 0.1727
26.7275 6.1151 0.0002 0.0000 0.1727
19.5292 0.0520 0.0013 0.2621 0.0015
19.5492 0.0521 0.0013 0.0840 0.0015
19.5104 0.0521 0.0013 0.0051 0.0015
19.5341 0.0521 0.0013 0.0221 0.0015
19.5570 0.0521 0.0013 0.0177 0.0015
19.5335 0.0520 0.0013 0.3109 0.0015
19.5244 0.0520 0.0013 0.1290 0.0015
19.5032 0.0521 0.0013 0.0005 0.0015
19.5430 0.0521 0.0013 0.0650 0.0015
19.5450 0.0521 0.0013 0.1703 0.0015
44.8559 0.0505 0.0036 2.1169 0.0040
45.7789 6.5677 0.0036 0.9543 0.0144
45.0111 3.9462 0.0036 1.3130 0.0017
45.5095 5.2989 0.0036 3.3707 0.0028
44.8841 3.9655 0.0036 1.3043 0.0017
45.2704 5.2987 0.0036 3.2661 0.0028
45.1153 0.0506 0.0036 0.6571 0.0040
44.8034 3.9655 0.0036 0.9767 0.0017
44.8587 3.9655 0.0036 1.0449 0.0017
44.6339 3.9655 0.0036 0.5750 0.0017
23.8363 0.0401 0.0037 0.0141 0.0036
23.8153 0.0401 0.0037 0.0141 0.0036
23.8693 0.0411 0.0037 0.0141 0.0036
23.8577 0.0401 0.0037 0.0141 0.0036
23.8687 0.0401 0.0037 0.0141 0.0036
23.8156 0.0401 0.0037 0.0141 0.0036
23.8424 0.0401 0.0037 0.0141 0.0036
23.8677 0.0401 0.0037 0.0141 0.0036
23.8641 0.0411 0.0037 0.0141 0.0036
23.8359 0.0401 0.0037 0.0141 0.0036
