0.0165 0.0025
4.0802 0.0053
0.0165 0.0025
0.0165 0.0025
0.0165 0.0025
3.6154 0.0246
0.0165 0.0025
0.0165 0.0025
3.4320 0.0028
0.0165 0.0025
0.0191 0.0029
0.0191 0.0029
0.0191 0.0029
0.0191 0.0029
0.0191 0.0029
0.0191 0.0029
0.0191 0.0029
0.0191 0.0029
0.0191 0.0029
0.0191 0.0029
0.0257 0.0054
0.0257 0.0054
0.0256 0.0054
0.0256 0.0054
0.0257 0.0054
0.0257 0.0054
0.0257 0.0054
0.0257 0.0054
0.0256 0.0054
0.0256 0.0054
0.0179 0.0087
0.0179 0.0087
0.0179 0.0087
0.0179 0.0087
0.0179 0.0087
0.0180 0.0087
3.1538 0.0099
0.0180 0.0087
3.5354 0.0092
3.1538 0.0099
2.7813 0.0254
0.0175 0.0081
0.0175 0.0081
0.0175 0.0081
0.0175 0.0081
0.0175 0.0081
1.7970 0.0258
2.7813 0.0254
0.0175 0.0081
0.0175 0.0081
0.0139 0.0016
4.0370 0.0010
0.0139 0.0016
0.0139 0.0016
3.8757 0.0023
0.0139 0.0016
0.0139 0.0016
0.0139 0.0016
7.2840 0.0015
0.0139 0.0016
0.0214 0.0347
1.7847 0.0390
0.0214 0.0347
0.0214 0.0347
1.7847 0.0390
0.0214 0.0347
1.7847 0.0390
0.0214 0.0347
0.0214 0.0347
0.0214 0.0347
0.0146 0.0236
0.0146 0.0236
0.0146 0.0236
0.0146 0.0236
1.8513 0.0176
1.8495 0.0176
0.0146 0.0236
1.8513 0.0176
1.8513 0.0176
1.8513 0.0176
0.0135 0.0002
0.0135 0.0002
0.0135 0.0002
0.0135 0.0002
0.0135 0.0002
1.6446 0.0023
1.6444 0.0023
0.0135 0.0002
0.0135 0.0002
0.0135 0.0002
0.0160 0.0003
0.0160 0.0003
0.0160 0.0003
5.0875 0.0075
0.0160 0.0003
0.0160 0.0003
0.0160 0.0003
3.3161 0.0140
0.0160 0.0003
0.0160 0.0003
0.0195 0.0054
0.0195 0.0054
0.0195 0.0054
0.0195 0.0054
0.0195 0.0054
0.0195 0.0054
1.6994 0.0408
0.0195 0.0054
0.0195 0.0054
0.0195 0.0054
0.0247 0.0001
0.0247 0.0001
0.0247 0.0001
5.5459 0.0024
0.0247 0.0001
0.0247 0.0001
0.0247 0.0001
0.0247 0.0001
0.0247 0.0001
0.0247 0.0001
4.0339 0.0671
0.0165 0.0220
0.0165 0.0220
0.0165 0.0220
0.0165 0.0220
0.0165 0.0220
0.0165 0.0220
2.9194 0.0258
0.0165 0.0220
0.0165 0.0220
0.0177 0.0000
0.0177 0.0000
0.0177 0.0000
2.0033 0.0001
0.0177 0.0000
0.0177 0.0000
2.0032 0.0001
2.0054 0.0001
0.0177 0.0000
0.0177 0.0000
3.1196 0.0048
0.0173 0.0084
3.1196 0.0048
0.0173 0.0084
0.0173 0.0084
0.0173 0.0084
2.7453 0.0948
2.7454 0.0950
2.4576 0.0019
4.3581 0.0511
0.0169 0.0047
0.0169 0.0047
0.0169 0.0047
3.4090 0.0010
3.4092 0.0010
0.0169 0.0047
0.0169 0.0047
0.0169 0.0047
0.0169 0.0047
3.4091 0.0010
0.0153 0.0062
0.0153 0.0062
0.0153 0.0062
0.0153 0.0062
0.0153 0.0062
0.0153 0.0062
0.0153 0.0062
0.0153 0.0062
0.0153 0.0062
0.0153 0.0062
4.1738 0.0150
0.0168 0.0007
4.1737 0.0149
0.0168 0.0007
4.0136 0.1967
0.0168 0.0007
0.0168 0.0007
4.1737 0.0149
0.0168 0.0007
0.0168 0.0007
0.0124 0.0056
0.0124 0.0056
0.0124 0.0056
0.0124 0.0056
0.0124 0.0056
0.0124 0.0056
0.0124 0.0056
0.0124 0.0056
0.0124 0.0056
0.0124 0.0056
5.3654 0.0069
6.7576 0.0026
0.0151 0.0094
0.0151 0.0094
0.0151 0.0094
0.0151 0.0094
4.7718 0.0080
6.7577 0.0026
0.0151 0.0094
0.0151 0.0094
