4.1973 0.0004
0.0076 0.0154
0.0076 0.0154
4.2028 0.0778
3.0168 0.0004
2.5457 0.0154
2.5457 0.0154
4.1973 0.0004
3.0168 0.0004
0.0076 0.0154
4.1973 0.0004
5.4662 0.0256
2.5457 0.0154
2.5457 0.0154
6.6693 0.5161
2.5456 0.0154
2.5457 0.0154
4.1973 0.0004
3.0168 0.0004
2.3080 0.0060
3.0168 0.0004
0.0076 0.0154
0.0076 0.0154
4.1973 0.0004
2.5457 0.0154
4.1973 0.0004
2.3080 0.0060
3.0168 0.0004
2.5457 0.0154
2.5457 0.0154
0.0076 0.0154
2.5457 0.0154
4.1973 0.0004
4.1973 0.0004
2.5457 0.0154
4.8691 0.0189
2.5457 0.0154
3.0168 0.0004
3.0168 0.0004
2.5457 0.0154
4.1973 0.0004
4.2028 0.0778
0.0076 0.0154
4.1973 0.0004
2.5457 0.0154
4.1973 0.0004
2.3080 0.0060
3.0168 0.0004
5.4662 0.0256
2.5457 0.0154
0.0076 0.0154
0.0076 0.0154
4.1973 0.0004
5.4662 0.0256
2.5457 0.0154
4.1973 0.0004
4.2028 0.0778
3.0168 0.0004
6.0899 0.0318
2.5457 0.0154
6.6693 0.5161
2.3080 0.0060
4.1973 0.0004
4.1973 0.0004
4.1973 0.0004
2.5457 0.0154
4.1973 0.0004
0.0076 0.0154
2.3080 0.0060
3.3981 0.0248
2.3084 0.0060
4.1973 0.0004
2.3084 0.0060
2.3084 0.0060
2.5457 0.0154
0.0076 0.0154
4.1973 0.0004
3.0168 0.0004
2.5457 0.0154
2.3080 0.0060
4.8691 0.0189
2.5457 0.0154
3.0168 0.0004
4.1973 0.0004
4.1973 0.0004
0.0076 0.0154
2.5457 0.0154
2.5457 0.0154
4.1973 0.0004
4.1973 0.0004
4.1973 0.0004
4.1973 0.0004
3.0168 0.0004
4.1973 0.0004
3.0168 0.0004
4.1973 0.0004
0.0076 0.0154
4.1973 0.0004
5.4662 0.0256
4.1973 0.0004
0.0076 0.0154
4.1973 0.0004
0.0076 0.0154
2.3084 0.0060
4.1973 0.0004
3.7966 0.0154
2.5457 0.0154
2.5457 0.0154
4.1973 0.0004
0.0076 0.0154
0.0076 0.0154
0.0076 0.0154
4.1973 0.0004
4.1973 0.0004
2.5457 0.0154
4.1973 0.0004
6.0899 0.0318
4.1973 0.0004
0.0076 0.0154
2.5457 0.0154
2.5457 0.0154
0.0076 0.0154
0.0076 0.0154
4.1973 0.0004
4.2028 0.0778
5.6941 0.0052
2.3080 0.0060
2.3080 0.0060
0.0076 0.0154
2.3084 0.0060
0.0076 0.0154
0.0076 0.0154
2.5457 0.0154
3.0168 0.0004
2.3080 0.0060
6.6693 0.5161
2.5457 0.0154
2.5457 0.0154
4.1973 0.0004
3.0168 0.0004
2.5457 0.0154
2.3080 0.0060
0.0076 0.0154
0.0076 0.0154
4.1973 0.0004
4.1973 0.0004
4.1973 0.0004
2.5457 0.0154
4.8686 0.0190
3.0168 0.0004
4.1973 0.0004
3.0168 0.0004
0.0076 0.0154
3.3989 0.0248
4.1973 0.0004
4.1973 0.0004
4.1973 0.0004
4.1973 0.0004
3.0168 0.0004
3.0168 0.0004
3.0168 0.0004
4.1973 0.0004
4.1973 0.0004
4.1973 0.0004
2.5457 0.0154
0.0076 0.0154
3.0168 0.0004
4.1973 0.0004
