0.0015
0.0012
0.0011
0.0009
0.0010
0.0010
0.0010
0.0013
0.0016
0.0013
0.0012
0.0006
0.0008
0.0021
0.0009
0.0016
0.0016
0.0009
0.0004
0.0003
0.0010
0.0011
0.0016
0.0021
0.0020
0.0010
0.0008
0.0017
0.0023
0.0004
0.0013
0.0014
0.0016
0.0016
0.0013
0.0025
0.0004
0.0011
0.0016
0.0011
3.3373
3.3343
3.3348
3.3335
3.3357
3.3315
0.0013
0.0009
3.3373
0.0008
0.0020
0.0010
0.0012
3.3344
0.0011
0.0012
3.3367
3.3342
3.3343
0.0014
3.3634
3.3641
3.3640
0.0011
0.0005
0.0008
0.0011
0.0021
3.3655
3.3633
3.3624
3.3620
3.3641
0.0014
0.0017
0.0014
3.3623
0.0007
3.3650
3.3624
0.0016
0.0008
0.0010
0.0008
0.0011
0.0018
0.0004
0.0010
0.0013
0.0005
0.0005
0.0018
0.0017
0.0017
0.0011
0.0011
0.0013
0.0013
0.0009
0.0007
0.0013
0.0009
0.0016
0.0011
0.0009
0.0007
0.0012
0.0008
0.0005
0.0010
0.0018
0.0011
0.0008
0.0005
0.0006
0.0019
0.0006
0.0023
0.0007
0.0010
0.0010
0.0016
0.0010
0.0013
0.0010
0.0013
0.0014
0.0013
0.0015
0.0012
0.0014
0.0016
0.0010
0.0015
0.0008
0.0016
0.0009
0.0017
0.0011
0.0011
0.0008
0.0025
0.0020
0.0011
0.0011
0.0009
0.0012
0.0011
0.0016
0.0014
0.0005
0.0011
0.0010
0.0013
0.0014
0.0017
0.0006
0.0011
0.0030
0.0013
0.0009
0.0015
0.0008
0.0007
0.0020
0.0014
0.0016
0.0007
0.0009
0.0008
0.0009
0.0020
0.0011
0.0006
0.0010
0.0008
0.0010
0.0018
0.0012
0.0008
0.0013
0.0013
0.0011
0.0012
0.0010
0.0010
0.0008
0.0010
0.0011
0.0012
0.0012
0.0006
0.0008
0.0007
0.0011
0.0012
0.0011
0.0016
0.0011
0.0010
0.0012
0.0010
0.0008
0.0010
0.0006
0.0017
0.0007
0.0014
0.0016
0.0010
0.0010
0.0010
0.0009
0.0007
0.0009
0.0006
0.0005
0.0016
0.0009
0.0011
0.0013
0.0015
0.0017
1.4894
0.0015
0.0007
0.0010
0.0011
0.0016
1.4905
0.0011
0.0012
1.4894
0.0008
0.0013
0.0013
0.0016
0.0010
0.0008
0.0006
0.0021
0.0011
1.6367
0.0010
0.0006
1.6368
0.0019
0.0014
1.6372
1.6343
1.6363
1.6335
1.6358
0.0019
0.0019
1.6341
1.6362
1.6361
0.0005
0.0010
0.0006
0.0012
0.0004
0.0011
0.0011
0.0011
0.0013
0.0011
0.0014
0.0011
0.0015
0.0016
0.0009
0.0012
0.0015
0.0021
0.0009
0.0010
0.0013
0.0017
0.0011
0.0017
0.0015
0.0009
0.0013
0.0008
0.0005
0.0012
0.0011
0.0010
0.0011
0.0011
0.0011
0.0012
0.0017
0.0015
0.0009
0.0013
0.0018
0.0005
0.0008
0.0012
0.0006
0.0009
0.0013
0.0011
0.0011
0.0011
0.0010
0.0013
0.0008
0.0018
0.0009
0.0007
0.0013
0.0014
0.0018
0.0011
0.0009
0.0012
0.0008
0.0020
0.0016
0.0013
0.0014
0.0017
0.0013
0.0012
0.0012
0.0012
0.0009
0.0013
0.0014
0.0015
0.0013
0.0011
0.0010
0.0012
0.0010
0.0021
0.0014
0.0019
0.0008
0.0006
0.0015
0.0009
0.0019
0.0015
0.0008
0.0010
0.0010
0.0007
0.0004
0.0011
0.0005
0.0005
0.0018
0.0009
0.0014
0.0012
0.6849
0.0014
0.6860
0.6845
0.6859
0.6864
0.6880
0.6872
0.6843
0.6865
0.6857
0.6875
0.0011
0.6850
0.6863
0.6833
0.6862
0.6865
0.6880
0.6864
0.0009
0.0010
0.0012
0.0013
0.0016
0.0020
3.1070
0.0012
0.0007
0.0020
0.0016
0.0013
0.0012
0.0011
0.0013
0.0016
0.0015
0.0016
0.0013
0.0009
0.0022
0.0027
0.0025
0.0032
0.0027
0.0059
0.0026
0.0027
0.0040
0.0036
0.0026
0.0022
0.0047
0.0017
0.0034
0.0039
0.0018
0.0019
0.0017
0.0026
0.0026
0.0037
0.0036
0.0034
0.0024
0.0013
0.0025
0.0026
0.0046
0.0019
0.0033
0.0021
0.0019
0.0034
0.0039
0.0015
0.0019
0.0054
0.0020
0.0027
1.9606
0.0035
0.0033
0.0025
0.0019
0.0019
0.0017
2.0635
0.0031
0.0026
0.0038
0.0017
0.0030
2.0636
0.0022
0.0015
0.0031
0.0030
0.0014
0.0031
0.0032
0.0023
0.0040
0.0024
0.0038
0.0066
0.0024
0.0072
0.0057
0.0017
0.0031
0.0046
0.0030
0.0021
0.0039
0.0046
0.0029
0.0055
0.0038
0.0039
0.0030
0.0022
0.0015
0.0038
0.0035
0.0038
0.0033
0.0038
0.0029
0.0028
0.0044
0.0033
0.0031
0.0034
0.0020
0.0028
0.0035
0.0023
0.0022
0.0030
0.0065
0.0070
0.0082
0.0082
0.0095
0.0056
0.0105
0.0092
0.0068
3.2555
0.0094
0.0088
0.0057
0.0102
3.2582
0.0084
0.0122
0.0104
0.0087
0.0123
0.0046
0.0026
0.0019
0.0036
0.0016
0.0032
0.0045
0.0026
0.0041
0.0031
0.0026
0.0040
0.0036
0.0019
0.0036
0.0020
0.0034
0.0037
0.0033
0.0029
0.0042
0.0032
0.0024
0.0028
0.0018
0.0032
0.0020
0.0024
0.0025
0.0028
0.0017
0.0026
0.0030
0.0047
0.0014
0.0037
0.0025
0.0035
0.0022
0.0017
0.0045
0.0033
0.0031
0.0024
0.0026
0.0022
0.0012
0.0035
0.0038
0.0023
0.0043
0.0025
0.0036
0.0036
0.0023
0.0036
0.0031
0.0022
0.0018
0.0025
0.0023
0.0017
0.0028
0.0031
0.0034
0.0018
0.0026
0.0022
0.0025
0.0029
0.0021
0.0046
0.0057
0.0047
0.0027
0.0026
0.0016
0.0048
0.0044
0.0024
2.5608
0.0022
0.0025
2.5635
0.0037
2.5654
0.0016
0.0037
0.0019
0.0033
2.5629
0.0028
0.0016
0.0031
0.0014
0.0019
0.0012
2.5653
0.0034
0.0025
0.0017
0.0022
0.0016
0.0027
0.0024
0.0044
0.0026
0.0027
0.0022
0.0027
0.0032
0.0025
0.0024
0.0026
0.0021
0.0030
0.0017
0.0014
0.0031
0.0027
0.0021
0.0068
0.0031
0.0021
0.0027
0.0025
0.0010
0.0025
0.0044
1.8266
0.0047
0.0018
0.0029
0.0032
0.0030
0.0029
0.0014
0.0025
0.0034
0.0030
2.2878
0.0044
0.0041
2.2927
0.0015
0.0040
0.0027
0.0018
0.0020
2.2871
0.0012
2.2891
0.0018
0.0032
0.0019
0.0037
2.2886
0.0034
0.0036
0.0045
0.0085
0.0102
0.0094
0.0064
1.0822
0.0092
0.0093
0.0090
0.0097
0.0079
0.0089
0.0100
0.0106
4.2556
0.0064
0.0087
0.0121
0.0076
0.0087
0.0073
0.0055
0.0060
0.0030
0.0031
0.0050
0.0024
4.6889
4.6885
0.0041
0.0044
4.6892
0.0035
0.0023
0.0036
4.6888
0.0032
0.0033
0.0024
0.0037
0.0027
0.0043
2.9064
0.0044
0.0045
0.0026
0.0051
0.0030
0.0035
2.9069
0.0064
0.0024
2.9067
0.0020
0.0049
0.0068
2.9058
0.0037
0.0016
0.0039
0.0040
0.0032
3.5606
0.0030
0.0027
0.0021
0.0026
3.5604
3.5609
0.0009
3.5578
0.0021
0.0027
0.0043
0.0021
0.0029
3.5617
3.5603
0.0044
0.0046
0.0029
0.0026
0.0019
0.0040
0.0017
0.0019
0.0021
0.0022
0.0024
0.0027
0.0044
0.0031
0.0022
0.0026
0.0034
0.0034
0.0017
0.0040
0.0027
0.0050
0.0021
2.8494
0.0032
0.0056
0.0048
2.8456
0.0032
0.0038
2.8436
3.7167
2.8461
3.7298
0.0013
2.8509
0.0024
0.0033
0.0022
2.9338
2.8427
2.8474
2.8392
0.0231
2.7342
0.0176
2.9355
0.0333
0.0310
0.0253
2.6478
2.7234
0.0251
0.0192
0.0296
0.0214
0.0199
0.0267
0.0190
0.0228
0.0309
2.7304
2.7199
3.6557
0.0103
1.2113
2.4868
2.5422
0.0138
2.5587
2.5194
0.0086
0.0103
0.0117
3.3242
0.0116
1.2141
3.8470
0.0140
1.2067
2.0958
0.0097
1.1881
0.0221
2.3210
3.6303
4.6654
3.0004
1.1858
3.0017
1.1949
2.9855
0.0209
1.1853
0.0199
0.0191
4.7268
1.1802
3.6338
3.9540
3.9497
3.9520
0.0163
0.0086
1.2884
0.0086
3.3236
3.9530
0.0105
0.0090
0.0172
3.4012
0.0163
2.8915
2.2307
3.2341
2.7812
3.9554
0.0209
2.2410
0.0079
0.0156
4.6714
4.2256
0.0144
6.2508
0.0166
4.2287
0.0228
0.0115
4.2043
0.0175
0.0123
0.0152
0.0200
0.0137
4.6664
0.0146
4.2105
2.0733
0.0182
0.0147
4.0234
2.0692
2.1874
3.6552
0.4939
0.4961
0.0154
0.4946
0.5028
2.0740
0.0066
3.5299
0.4977
0.0164
2.7088
0.0153
3.5212
0.0152
0.0114
0.0132
0.0105
5.4382
0.0106
4.5390
0.0126
0.0140
5.5831
5.0607
3.7041
0.0104
0.0124
3.0409
0.0103
3.0888
3.0728
4.3591
0.0081
0.0142
3.3997
0.0109
2.6332
4.7293
3.9040
3.6346
3.9065
3.4272
3.9098
3.9305
3.9120
3.4715
3.9603
4.2808
4.2766
0.0108
5.2682
4.2803
0.0121
0.0161
4.1515
0.0123
4.9511
1.2836
1.6929
5.6463
0.0118
0.0121
3.8238
4.4141
4.7340
4.9618
1.2739
0.0111
0.0120
4.4473
0.0138
4.1475
5.7227
0.0206
2.0562
1.5502
0.0217
0.0132
0.0189
0.0216
4.2579
2.7753
1.5499
2.9697
2.7870
3.5741
1.1180
1.1160
1.1139
2.4525
4.0470
3.5990
1.5486
2.6404
2.1115
2.8949
2.3414
2.1520
0.0082
0.0097
0.0119
0.0069
2.1273
2.6385
2.1728
3.4899
4.0887
2.6318
0.0107
2.6348
0.0090
4.0799
2.3399
0.0080
3.5955
2.9932
1.7240
1.3270
3.7483
2.9827
2.9896
2.3709
0.0110
0.0116
1.4837
0.0097
1.6615
0.0206
0.0125
0.0159
0.0144
2.0221
0.0097
1.7260
0.0110
0.0165
0.0135
0.0095
0.0128
3.4972
0.0119
0.0100
0.0128
0.0099
0.0143
0.0107
0.9860
0.0107
0.0097
0.0092
0.0089
0.0115
0.0134
0.0120
1.6941
0.0131
0.0072
0.9875
0.0073
0.0100
0.0106
0.0095
1.0472
2.0229
4.6599
2.8009
2.6190
1.8948
1.5562
0.0188
2.8033
1.5537
4.4388
1.7766
2.1273
2.0417
6.9416
2.6148
0.0138
1.3163
0.0118
4.1379
0.0145
0.0132
0.0111
0.0207
1.4203
1.8296
3.7924
0.0110
4.1508
0.0154
2.8914
1.3321
0.0101
1.8195
0.0128
3.1306
1.9814
0.0091
3.2444
0.0115
0.0126
4.5698
4.6175
0.0129
2.7182
3.2316
3.3976
0.0104
3.2122
0.0135
3.6271
0.0124
3.3872
3.2370
5.8408
2.7410
1.3184
4.1957
1.3134
1.3141
1.3172
3.9163
1.3697
5.4556
1.4801
4.3986
4.2348
4.5739
4.4140
1.4932
1.3149
0.0125
4.0844
0.0257
5.6244
3.6387
3.6752
0.0269
0.0284
3.2995
0.0267
3.6921
1.5893
4.9135
3.9497
3.6526
3.2207
3.6236
0.0176
0.0140
0.0121
3.8112
0.0183
0.0098
3.5114
3.8308
0.0155
3.8134
0.0152
0.0106
0.0139
6.2880
3.8042
0.0135
0.0077
3.4186
0.0147
0.0097
11.1198
7.4712
12.6174
10.7048
3.6670
9.8335
6.6392
5.1285
8.6563
10.2259
3.0747
5.9423
6.6445
5.8139
8.5306
8.1482
8.7372
6.1668
4.7963
8.4948
9.6541
8.8935
2.7330
6.5542
5.6864
5.7508
3.2145
4.0776
1.7060
7.0449
8.2863
10.4294
9.0084
7.9389
7.9417
4.2977
9.6672
7.1344
7.7155
9.8340
11.0513
8.3899
8.2314
3.6869
9.5116
11.3286
6.5975
6.0396
4.1492
5.1972
9.6259
9.0927
4.4211
6.9036
12.1864
19.8266
9.6497
3.6226
4.1532
6.8998
4.0307
4.7501
7.4106
1.6231
0.0100
1.6171
3.4274
4.0661
0.0083
0.0061
0.0081
0.0071
0.0068
0.0067
1.6415
1.5938
4.4727
0.0061
1.6409
1.5650
0.0084
0.0069
0.0069
0.0076
0.0070
0.0081
0.0074
0.0091
0.0071
0.0063
0.0202
0.0181
0.0175
0.0205
0.0178
0.0182
0.0193
0.0090
0.0079
0.0062
0.0064
0.0082
0.0054
3.1540
0.0072
0.0099
0.0078
0.0080
0.0062
0.0076
0.0079
0.0079
0.0085
0.0071
6.8678
8.7822
0.0120
0.0105
0.0060
0.0076
0.0052
1.7432
1.7474
0.0075
0.0050
0.0070
0.0078
0.0080
0.0096
0.0107
0.0112
0.0046
0.0070
0.0074
0.0071
0.0085
0.0079
3.3982
0.0088
0.0090
3.2336
3.9220
4.7075
0.0081
0.0072
3.1356
0.0096
0.0071
0.0081
0.0074
1.7023
0.0086
0.0065
3.8274
0.0063
0.0105
0.0081
0.0081
0.0053
0.0105
0.0077
0.0057
0.0075
0.0073
0.0069
0.0078
0.0073
0.0055
0.0077
0.0069
0.0058
2.4421
0.0062
0.0069
2.7388
0.0054
3.1103
0.0075
2.7450
0.0065
2.9964
3.4312
3.4553
0.0065
0.0072
0.0080
0.0069
0.0061
0.0068
0.0064
0.0070
0.0076
0.0087
0.0074
0.0086
4.2408
0.0081
0.0067
0.0092
0.0059
0.0088
0.0067
0.0074
0.0081
0.0102
0.0075
0.0090
4.0136
0.0091
0.0080
0.0068
0.0078
0.0095
0.0085
0.0076
4.7501
0.0263
3.8083
0.0257
2.6451
4.6061
0.0304
0.0192
4.1987
3.0934
0.0206
2.4657
0.0220
0.0339
2.9189
0.0285
2.9381
0.0282
0.0266
0.0312
4.9137
4.9787
0.0306
0.0217
3.5038
6.1901
0.0280
0.0208
2.0963
2.8671
2.1037
0.0222
0.0222
5.4531
0.0233
0.0211
0.0231
0.0232
3.3765
4.2296
0.0262
3.4567
0.0270
0.0200
0.0216
0.0219
0.0304
0.0190
4.5056
5.4456
5.0698
2.7475
0.0210
4.8550
3.3125
0.0210
0.0226
0.0207
0.0187
0.0207
0.0233
5.5990
0.0227
0.0307
3.6303
0.0329
0.0341
0.0291
0.0255
0.0330
0.0274
0.0289
0.0313
0.0319
0.0272
0.0283
0.0262
0.0234
4.9520
3.7891
1.2687
0.0207
0.0166
0.0219
0.0249
4.0727
0.0229
0.0194
0.0321
0.0193
4.3452
0.0168
0.0207
0.0228
3.4534
0.0240
0.0221
0.0209
0.0223
5.3360
0.0409
0.0363
0.0377
3.5774
0.0199
0.0221
2.3675
0.0210
3.9494
3.7722
