0.0015 0.0000
0.0012 0.0006
0.0011 0.0068
0.0009 0.0006
0.0010 0.0181
0.0010 0.0006
0.0010 0.0098
0.0013 0.0285
0.0016 0.0122
0.0013 0.0059
0.0012 0.0001
0.0006 0.0339
0.0008 0.0182
0.0021 0.0047
0.0009 0.0253
0.0016 0.0081
0.0016 0.0237
0.0009 0.0488
0.0004 0.0001
0.0003 0.0126
0.0010 0.0014
0.0011 0.0008
0.0016 0.0007
0.0021 0.0006
0.0020 0.0081
0.0010 0.0033
0.0008 0.0108
0.0017 0.0001
0.0023 0.0071
0.0004 0.0104
0.0013 0.0187
0.0014 0.0029
0.0016 0.0143
0.0016 0.0167
0.0013 0.0122
0.0025 0.0099
0.0004 0.1232
0.0011 0.0020
0.0016 0.0031
0.0011 0.0181
3.3373 0.4025
3.3343 0.3764
3.3348 0.7771
3.3335 0.0283
3.3357 0.0434
3.3315 0.0093
0.0013 0.0088
0.0009 0.0005
3.3373 0.1180
0.0008 0.0307
0.0020 0.0000
0.0010 0.0244
0.0012 0.0086
3.3344 0.2510
0.0011 0.0079
0.0012 0.0095
3.3367 0.0001
3.3342 0.0686
3.3343 0.4731
0.0014 0.0037
3.3634 0.3025
3.3641 0.0833
3.3640 0.0246
0.0011 0.0000
0.0005 0.0001
0.0008 0.0001
0.0011 0.0016
0.0021 0.0008
3.3655 0.0318
3.3633 0.0518
3.3624 0.0813
3.3620 0.0130
3.3641 0.0179
0.0014 0.0043
0.0017 0.0125
0.0014 0.0020
3.3623 0.3527
0.0007 0.0095
3.3650 0.0376
3.3624 0.1735
0.0016 0.0214
0.0008 0.0512
0.0010 0.0128
0.0008 0.0001
0.0011 0.0007
0.0018 0.0172
0.0004 0.0002
0.0010 0.0017
0.0013 0.0070
0.0005 0.0060
0.0005 0.0011
0.0018 0.0018
0.0017 0.0008
0.0017 0.0000
0.0011 0.0006
0.0011 0.0168
0.0013 0.0009
0.0013 0.0003
0.0009 0.0002
0.0007 0.0220
0.0013 0.0000
0.0009 0.0017
0.0016 0.0037
0.0011 0.0125
0.0009 0.0385
0.0007 0.0213
0.0012 0.0014
0.0008 0.0158
0.0005 0.0001
0.0010 0.0022
0.0018 0.0008
0.0011 0.0077
0.0008 0.0123
0.0005 0.0623
0.0006 0.0184
0.0019 0.0011
0.0006 0.0000
0.0023 0.0003
0.0007 0.0722
0.0010 0.0092
0.0010 0.0087
0.0016 0.0111
0.0010 0.0011
0.0013 0.0007
0.0010 0.0582
0.0013 0.0030
0.0014 0.0288
0.0013 0.0023
0.0015 0.0003
0.0012 0.0028
0.0014 0.0605
0.0016 0.0077
0.0010 0.0218
0.0015 0.0001
0.0008 0.0216
0.0016 0.0286
0.0009 0.0002
0.0017 0.0086
0.0011 0.0000
0.0011 0.0131
0.0008 0.0050
0.0025 0.0002
0.0020 0.0132
0.0011 0.0016
0.0011 0.0143
0.0009 0.0065
0.0012 0.0001
0.0011 0.0259
0.0016 0.0083
0.0014 0.0008
0.0005 0.0023
0.0011 0.0001
0.0010 0.0001
0.0013 0.0065
0.0014 0.0033
0.0017 0.0249
0.0006 0.0414
0.0011 0.0052
0.0030 0.0005
0.0013 0.0044
0.0009 0.0085
0.0015 0.0531
0.0008 0.0021
0.0007 0.0000
0.0020 0.0210
0.0014 0.0004
0.0016 0.0003
0.0007 0.0006
0.0009 0.0002
0.0008 0.0054
0.0009 0.0137
0.0020 0.0166
0.0011 0.0000
0.0006 0.0038
0.0010 0.0129
0.0008 0.0032
0.0010 0.0040
0.0018 0.0025
0.0012 0.0440
0.0008 0.1034
0.0013 0.0012
0.0013 0.0000
0.0011 0.0002
0.0012 0.0021
0.0010 0.0619
0.0010 0.0016
0.0008 0.0019
0.0010 0.0042
0.0011 0.0049
0.0012 0.0018
0.0012 0.0000
0.0006 0.0391
0.0008 0.0079
0.0007 0.0141
0.0011 0.0096
0.0012 0.0115
0.0011 0.0195
0.0016 0.0006
0.0011 0.0209
0.0010 0.0007
0.0012 0.0083
0.0010 0.0007
0.0008 0.0315
0.0010 0.0000
0.0006 0.0040
0.0017 0.0142
0.0007 0.0237
0.0014 0.0037
0.0016 0.0035
0.0010 0.0000
0.0010 0.0006
0.0010 0.0066
0.0009 0.0152
0.0007 0.0040
0.0009 0.0123
0.0006 0.0042
0.0005 0.0525
0.0016 0.0010
0.0009 0.0017
0.0011 0.0126
0.0013 0.0114
0.0015 0.0074
0.0017 0.0004
1.4894 0.0044
0.0015 0.0110
0.0007 0.0000
0.0010 0.0003
0.0011 0.0000
0.0016 0.0007
1.4905 0.0824
0.0011 0.0944
0.0012 0.0015
1.4894 0.0908
0.0008 0.0043
0.0013 0.0001
0.0013 0.0069
0.0016 0.0000
0.0010 0.0023
0.0008 0.0016
0.0006 0.0192
0.0021 0.0032
0.0011 0.0009
1.6367 0.0385
0.0010 0.0042
0.0006 0.0191
1.6368 0.0004
0.0019 0.0005
0.0014 0.0088
1.6372 0.0116
1.6343 0.2344
1.6363 0.0904
1.6335 0.0852
1.6358 0.0037
0.0019 0.0012
0.0019 0.0099
1.6341 0.0233
1.6362 0.0631
1.6361 0.0135
0.0005 0.0260
0.0010 0.0001
0.0006 0.0291
0.0012 0.0000
0.0004 0.0017
0.0011 0.0118
0.0011 0.0213
0.0011 0.0264
0.0013 0.0011
0.0011 0.0005
0.0014 0.0049
0.0011 0.0029
0.0015 0.0011
0.0016 0.0386
0.0009 0.0017
0.0012 0.0002
0.0015 0.0016
0.0021 0.0014
0.0009 0.0000
0.0010 0.0136
0.0013 0.0000
0.0017 0.0001
0.0011 0.0005
0.0017 0.0028
0.0015 0.0006
0.0009 0.0078
0.0013 0.0009
0.0008 0.0683
0.0005 0.0020
0.0012 0.0005
0.0011 0.0005
0.0010 0.0181
0.0011 0.0000
0.0011 0.0107
0.0011 0.0000
0.0012 0.0056
0.0017 0.0007
0.0015 0.0013
0.0009 0.0001
0.0013 0.0075
0.0018 0.0000
0.0005 0.0026
0.0008 0.0063
0.0012 0.0000
0.0006 0.0022
0.0009 0.0112
0.0013 0.0006
0.0011 0.0023
0.0011 0.0115
0.0011 0.0036
0.0010 0.0156
0.0013 0.0005
0.0008 0.0010
0.0018 0.0037
0.0009 0.0015
0.0007 0.0033
0.0013 0.0231
0.0014 0.0413
0.0018 0.0000
0.0011 0.0272
0.0009 0.0168
0.0012 0.0001
0.0008 0.0005
0.0020 0.0153
0.0016 0.0004
0.0013 0.0019
0.0014 0.0029
0.0017 0.0088
0.0013 0.0001
0.0012 0.0031
0.0012 0.0049
0.0012 0.0018
0.0009 0.0020
0.0013 0.0000
0.0014 0.0228
0.0015 0.0260
0.0013 0.0038
0.0011 0.0024
0.0010 0.0173
0.0012 0.0230
0.0010 0.0282
0.0021 0.0128
0.0014 0.0006
0.0019 0.0034
0.0008 0.0740
0.0006 0.0313
0.0015 0.0297
0.0009 0.0087
0.0019 0.0047
0.0015 0.0341
0.0008 0.0123
0.0010 0.0108
0.0010 0.0124
0.0007 0.0002
0.0004 0.0226
0.0011 0.0001
0.0005 0.0026
0.0005 0.0010
0.0018 0.0009
0.0009 0.0075
0.0014 0.0005
0.0012 0.0237
0.6849 0.0156
0.0014 0.0044
0.6860 0.0264
0.6845 0.0511
0.6859 0.0489
0.6864 0.0214
0.6880 0.0148
0.6872 0.0011
0.6843 0.0014
0.6865 0.0014
0.6857 0.1570
0.6875 0.0000
0.0011 0.0055
0.6850 0.0103
0.6863 0.0133
0.6833 0.0388
0.6862 0.0031
0.6865 0.0046
0.6880 0.0750
0.6864 0.0066
0.0009 0.0499
0.0010 0.0201
0.0012 0.0230
0.0013 0.0018
0.0016 0.0000
0.0020 0.0216
3.1070 0.0191
0.0012 0.0052
0.0007 0.0010
0.0020 0.0038
0.0016 0.0102
0.0013 0.0109
0.0012 0.0459
0.0011 0.0042
0.0013 0.0282
0.0016 0.0041
0.0015 0.0018
0.0016 0.0119
0.0013 0.0052
0.0009 0.0004
0.0022 0.0001
0.0027 0.0022
0.0025 0.0296
0.0032 0.0022
0.0027 0.0032
0.0059 0.0038
0.0026 0.0058
0.0027 0.0024
0.0040 0.0000
0.0036 0.0003
0.0026 0.0130
0.0022 0.0107
0.0047 0.0273
0.0017 0.0061
0.0034 0.0006
0.0039 0.0012
0.0018 0.0371
0.0019 0.0024
0.0017 0.0075
0.0026 0.0013
0.0026 0.0026
0.0037 0.0135
0.0036 0.0137
0.0034 0.0000
0.0024 0.0221
0.0013 0.0013
0.0025 0.0000
0.0026 0.0025
0.0046 0.0000
0.0019 0.0153
0.0033 0.0024
0.0021 0.0002
0.0019 0.0111
0.0034 0.0040
0.0039 0.0053
0.0015 0.0310
0.0019 0.0028
0.0054 0.0013
0.0020 0.0000
0.0027 0.0028
1.9606 0.0012
0.0035 0.0002
0.0033 0.0213
0.0025 0.0000
0.0019 0.0001
0.0019 0.0002
0.0017 0.0001
2.0635 0.1611
0.0031 0.0020
0.0026 0.0007
0.0038 0.0050
0.0017 0.0024
0.0030 0.0033
2.0636 0.0606
0.0022 0.0003
0.0015 0.0013
0.0031 0.0037
0.0030 0.0047
0.0014 0.0025
0.0031 0.0003
0.0032 0.0082
0.0023 0.0164
0.0040 0.0152
0.0024 0.0144
0.0038 0.0071
0.0066 0.0108
0.0024 0.0030
0.0072 0.0028
0.0057 0.0285
0.0017 0.0036
0.0031 0.0242
0.0046 0.0377
0.0030 0.0165
0.0021 0.0016
0.0039 0.0001
0.0046 0.0346
0.0029 0.0003
0.0055 0.0010
0.0038 0.0014
0.0039 0.0260
0.0030 0.0041
0.0022 0.0151
0.0015 0.0000
0.0038 0.0278
0.0035 0.0208
0.0038 0.0266
0.0033 0.0043
0.0038 0.0145
0.0029 0.0489
0.0028 0.0024
0.0044 0.0001
0.0033 0.0065
0.0031 0.0116
0.0034 0.0018
0.0020 0.0009
0.0028 0.0302
0.0035 0.0172
0.0023 0.0012
0.0022 0.0566
0.0030 0.0011
0.0065 0.0001
0.0070 0.0001
0.0082 0.0247
0.0082 0.0136
0.0095 0.0371
0.0056 0.0008
0.0105 0.0001
0.0092 0.0191
0.0068 0.0003
3.2555 0.0079
0.0094 0.0004
0.0088 0.0030
0.0057 0.0000
0.0102 0.0514
3.2582 0.0240
0.0084 0.0001
0.0122 0.0010
0.0104 0.0125
0.0087 0.0030
0.0123 0.0027
0.0046 0.0128
0.0026 0.0011
0.0019 0.0044
0.0036 0.0132
0.0016 0.0058
0.0032 0.0291
0.0045 0.0006
0.0026 0.0337
0.0041 0.0082
0.0031 0.0019
0.0026 0.0019
0.0040 0.0254
0.0036 0.0004
0.0019 0.0036
0.0036 0.0026
0.0020 0.0097
0.0034 0.0027
0.0037 0.0089
0.0033 0.0002
0.0029 0.0039
0.0042 0.0013
0.0032 0.0344
0.0024 0.0272
0.0028 0.0150
0.0018 0.0004
0.0032 0.0112
0.0020 0.0343
0.0024 0.0004
0.0025 0.0002
0.0028 0.0001
0.0017 0.0017
0.0026 0.0105
0.0030 0.0076
0.0047 0.0244
0.0014 0.0010
0.0037 0.0106
0.0025 0.0007
0.0035 0.0005
0.0022 0.0119
0.0017 0.0190
0.0045 0.0015
0.0033 0.0292
0.0031 0.0213
0.0024 0.0659
0.0026 0.0001
0.0022 0.0011
0.0012 0.0004
0.0035 0.0081
0.0038 0.0099
0.0023 0.0000
0.0043 0.0001
0.0025 0.0356
0.0036 0.0076
0.0036 0.0083
0.0023 0.0000
0.0036 0.0003
0.0031 0.0005
0.0022 0.0060
0.0018 0.0009
0.0025 0.0010
0.0023 0.0024
0.0017 0.0037
0.0028 0.0249
0.0031 0.0027
0.0034 0.0011
0.0018 0.0012
0.0026 0.0067
0.0022 0.0005
0.0025 0.0351
0.0029 0.0005
0.0021 0.0001
0.0046 0.0003
0.0057 0.0145
0.0047 0.0000
0.0027 0.0006
0.0026 0.0027
0.0016 0.0423
0.0048 0.0041
0.0044 0.0297
0.0024 0.0005
2.5608 0.0415
0.0022 0.0058
0.0025 0.0020
2.5635 0.0679
0.0037 0.0253
2.5654 0.5232
0.0016 0.0024
0.0037 0.0002
0.0019 0.0187
0.0033 0.0002
2.5629 0.2006
0.0028 0.0205
0.0016 0.0004
0.0031 0.0004
0.0014 0.0000
0.0019 0.0006
0.0012 0.0062
2.5653 0.1120
0.0034 0.0078
0.0025 0.0001
0.0017 0.0032
0.0022 0.0083
0.0016 0.0132
0.0027 0.0045
0.0024 0.0044
0.0044 0.0000
0.0026 0.0039
0.0027 0.0005
0.0022 0.0035
0.0027 0.0014
0.0032 0.0019
0.0025 0.0011
0.0024 0.0039
0.0026 0.0190
0.0021 0.0000
0.0030 0.0009
0.0017 0.0306
0.0014 0.0013
0.0031 0.0000
0.0027 0.0179
0.0021 0.0002
0.0068 0.0013
0.0031 0.0074
0.0021 0.0025
0.0027 0.0001
0.0025 0.0003
0.0010 0.0005
0.0025 0.0058
0.0044 0.0133
1.8266 0.0073
0.0047 0.0002
0.0018 0.0020
0.0029 0.0022
0.0032 0.0072
0.0030 0.0007
0.0029 0.0150
0.0014 0.0110
0.0025 0.0042
0.0034 0.0025
0.0030 0.0011
2.2878 0.0013
0.0044 0.0001
0.0041 0.0323
2.2927 0.0272
0.0015 0.0623
0.0040 0.0072
0.0027 0.0070
0.0018 0.0010
0.0020 0.0133
2.2871 0.0769
0.0012 0.0019
2.2891 0.1221
0.0018 0.0024
0.0032 0.0024
0.0019 0.0004
0.0037 0.0124
2.2886 0.2345
0.0034 0.0000
0.0036 0.0044
0.0045 0.0123
0.0085 0.0009
0.0102 0.0003
0.0094 0.0007
0.0064 0.0017
1.0822 0.0000
0.0092 0.0179
0.0093 0.0061
0.0090 0.0210
0.0097 0.0001
0.0079 0.0025
0.0089 0.0153
0.0100 0.0118
0.0106 0.0083
4.2556 0.2221
0.0064 0.0032
0.0087 0.0244
0.0121 0.0010
0.0076 0.0029
0.0087 0.0030
0.0073 0.0035
0.0055 0.0107
0.0060 0.0222
0.0030 0.0005
0.0031 0.0047
0.0050 0.0555
0.0024 0.0021
4.6889 0.0174
4.6885 0.1633
0.0041 0.0049
0.0044 0.0016
4.6892 0.1804
0.0035 0.0154
0.0023 0.0119
0.0036 0.0001
4.6888 0.5012
0.0032 0.0287
0.0033 0.0000
0.0024 0.0046
0.0037 0.0027
0.0027 0.0016
0.0043 0.0000
2.9064 0.0037
0.0044 0.0021
0.0045 0.0054
0.0026 0.0005
0.0051 0.0004
0.0030 0.0032
0.0035 0.0000
2.9069 0.0019
0.0064 0.0001
0.0024 0.0068
2.9067 0.0037
0.0020 0.0006
0.0049 0.0017
0.0068 0.0200
2.9058 0.0281
0.0037 0.0006
0.0016 0.0317
0.0039 0.0040
0.0040 0.0219
0.0032 0.0066
3.5606 0.0489
0.0030 0.0008
0.0027 0.0023
0.0021 0.0050
0.0026 0.0180
3.5604 0.5795
3.5609 0.0151
0.0009 0.0014
3.5578 0.0120
0.0021 0.0056
0.0027 0.0010
0.0043 0.0025
0.0021 0.0003
0.0029 0.0052
3.5617 0.1906
3.5603 0.0067
0.0044 0.0057
0.0046 0.0009
0.0029 0.0190
0.0026 0.0096
0.0019 0.0039
0.0040 0.0007
0.0017 0.0103
0.0019 0.0123
0.0021 0.0012
0.0022 0.0033
0.0024 0.0821
0.0027 0.0667
0.0044 0.0095
0.0031 0.0000
0.0022 0.0246
0.0026 0.0437
0.0034 0.0000
0.0034 0.0055
0.0017 0.0044
0.0040 0.0155
0.0027 0.0060
0.0050 0.0067
0.0021 0.0061
2.8494 0.1204
0.0032 0.0068
0.0056 0.0013
0.0048 0.0177
2.8456 0.0004
0.0032 0.0040
0.0038 0.0004
2.8436 0.2541
3.7167 0.0324
2.8461 0.0090
3.7298 0.0032
0.0013 0.0083
2.8509 0.0368
0.0024 0.0078
0.0033 0.0001
0.0022 0.0005
2.9338 0.1401
2.8427 0.0316
2.8474 0.0000
2.8392 0.0028
0.0231 0.0069
2.7342 0.0952
0.0176 0.0018
2.9355 0.0003
0.0333 0.0015
0.0310 0.0010
0.0253 0.0518
2.6478 0.1513
2.7234 0.0014
0.0251 0.0101
0.0192 0.0095
0.0296 0.0026
0.0214 0.0031
0.0199 0.0034
0.0267 0.0017
0.0190 0.0002
0.0228 0.0002
0.0309 0.0158
2.7304 0.2422
2.7199 0.0190
3.6557 0.0505
0.0103 0.0003
1.2113 0.0006
2.4868 0.0110
2.5422 0.0002
0.0138 0.0002
2.5587 0.0081
2.5194 0.0213
0.0086 0.0491
0.0103 0.0285
0.0117 0.0000
3.3242 0.0001
0.0116 0.0000
1.2141 0.0000
3.8470 0.0083
0.0140 0.0019
1.2067 0.0000
2.0958 0.0095
0.0097 0.0002
1.1881 0.0000
0.0221 0.0159
2.3210 0.0155
3.6303 0.0067
4.6654 0.0001
3.0004 0.0007
1.1858 0.0317
3.0017 0.0137
1.1949 0.0031
2.9855 0.0191
0.0209 0.0136
1.1853 0.0002
0.0199 0.0257
0.0191 0.0001
4.7268 0.0280
1.1802 0.0002
3.6338 0.0114
3.9540 0.0058
3.9497 0.0070
3.9520 0.0056
0.0163 0.0040
0.0086 0.0189
1.2884 0.0100
0.0086 0.0214
3.3236 0.0269
3.9530 0.0167
0.0105 0.0066
0.0090 0.0018
0.0172 0.0033
3.4012 0.0077
0.0163 0.0092
2.8915 0.0058
2.2307 0.0060
3.2341 0.0046
2.7812 0.0068
3.9554 0.0124
0.0209 0.0005
2.2410 0.0007
0.0079 0.0012
0.0156 0.0088
4.6714 0.0062
4.2256 0.0014
0.0144 0.0063
6.2508 0.0019
0.0166 0.0293
4.2287 0.0696
0.0228 0.0062
0.0115 0.0005
4.2043 0.0093
0.0175 0.0006
0.0123 0.0119
0.0152 0.0077
0.0200 0.0016
0.0137 0.0035
4.6664 0.0000
0.0146 0.0070
4.2105 0.0014
2.0733 0.0371
0.0182 0.0014
0.0147 0.0000
4.0234 0.0038
2.0692 0.0268
2.1874 0.0029
3.6552 0.0072
0.4939 0.0000
0.4961 0.0972
0.0154 0.0018
0.4946 0.0010
0.5028 0.0075
2.0740 0.1327
0.0066 0.0014
3.5299 0.0257
0.4977 0.0035
0.0164 0.0224
2.7088 0.0187
0.0153 0.0001
3.5212 0.0007
0.0152 0.0019
0.0114 0.0012
0.0132 0.0004
0.0105 0.0092
5.4382 0.0905
0.0106 0.0024
4.5390 0.1924
0.0126 0.0030
0.0140 0.0035
5.5831 0.0384
5.0607 0.0070
3.7041 0.0082
0.0104 0.0005
0.0124 0.0062
3.0409 0.0047
0.0103 0.0005
3.0888 0.0053
3.0728 0.0000
4.3591 0.3495
0.0081 0.0027
0.0142 0.0032
3.3997 0.2563
0.0109 0.0003
2.6332 0.0404
4.7293 0.0609
3.9040 0.1026
3.6346 0.0330
3.9065 0.0554
3.4272 0.0013
3.9098 0.0013
3.9305 0.0192
3.9120 0.0175
3.4715 0.0309
3.9603 0.0006
4.2808 0.0054
4.2766 0.0001
0.0108 0.0001
5.2682 0.0005
4.2803 0.0031
0.0121 0.0001
0.0161 0.0095
4.1515 0.0004
0.0123 0.0001
4.9511 0.0051
1.2836 0.0137
1.6929 0.0127
5.6463 0.0240
0.0118 0.0001
0.0121 0.0076
3.8238 0.0002
4.4141 0.0000
4.7340 0.0062
4.9618 0.0003
1.2739 0.0003
0.0111 0.0010
0.0120 0.0038
4.4473 0.0769
0.0138 0.0006
4.1475 0.0075
5.7227 0.0002
0.0206 0.0004
2.0562 0.0000
1.5502 0.0063
0.0217 0.0000
0.0132 0.0015
0.0189 0.0035
0.0216 0.0074
4.2579 0.0081
2.7753 0.0139
1.5499 0.0239
2.9697 0.0015
2.7870 0.0581
3.5741 0.0175
1.1180 0.0075
1.1160 0.0131
1.1139 0.0347
2.4525 0.0072
4.0470 0.0001
3.5990 0.0011
1.5486 0.0255
2.6404 0.0608
2.1115 0.0104
2.8949 0.0295
2.3414 0.0191
2.1520 0.0054
0.0082 0.0025
0.0097 0.0000
0.0119 0.0003
0.0069 0.0085
2.1273 0.0196
2.6385 0.0016
2.1728 0.0106
3.4899 0.1056
4.0887 0.1447
2.6318 0.0084
0.0107 0.0066
2.6348 0.0299
0.0090 0.0007
4.0799 0.0634
2.3399 0.0931
0.0080 0.0005
3.5955 0.0344
2.9932 0.0017
1.7240 0.1488
1.3270 0.0863
3.7483 0.6036
2.9827 0.1118
2.9896 0.1046
2.3709 0.0020
0.0110 0.0007
0.0116 0.0011
1.4837 0.0129
0.0097 0.0052
1.6615 0.0004
0.0206 0.0129
0.0125 0.0128
0.0159 0.0000
0.0144 0.0077
2.0221 0.0078
0.0097 0.0001
1.7260 0.0037
0.0110 0.0006
0.0165 0.0001
0.0135 0.0014
0.0095 0.0067
0.0128 0.0083
3.4972 0.0048
0.0119 0.0001
0.0100 0.0008
0.0128 0.0024
0.0099 0.0117
0.0143 0.0015
0.0107 0.0009
0.9860 0.0091
0.0107 0.0024
0.0097 0.0023
0.0092 0.0141
0.0089 0.0041
0.0115 0.0036
0.0134 0.0051
0.0120 0.0000
1.6941 0.0160
0.0131 0.0088
0.0072 0.0147
0.9875 0.0028
0.0073 0.0002
0.0100 0.0044
0.0106 0.0214
0.0095 0.0159
1.0472 0.0172
2.0229 0.0000
4.6599 0.0099
2.8009 0.0063
2.6190 0.0020
1.8948 0.0022
1.5562 0.0025
0.0188 0.0016
2.8033 0.0001
1.5537 0.0009
4.4388 0.0217
1.7766 0.0104
2.1273 0.0106
2.0417 0.0058
6.9416 0.0111
2.6148 0.0080
0.0138 0.0125
1.3163 0.0066
0.0118 0.0087
4.1379 0.0087
0.0145 0.0003
0.0132 0.0005
0.0111 0.0160
0.0207 0.0010
1.4203 0.0013
1.8296 0.0064
3.7924 0.0038
0.0110 0.0045
4.1508 0.0863
0.0154 0.0116
2.8914 0.0270
1.3321 0.0084
0.0101 0.0002
1.8195 0.0030
0.0128 0.0018
3.1306 0.0023
1.9814 0.0019
0.0091 0.0431
3.2444 0.0023
0.0115 0.0003
0.0126 0.0128
4.5698 0.0533
4.6175 0.0131
0.0129 0.0008
2.7182 0.0090
3.2316 0.0001
3.3976 0.0004
0.0104 0.0014
3.2122 0.0127
0.0135 0.0001
3.6271 0.0550
0.0124 0.0037
3.3872 0.0027
3.2370 0.0408
5.8408 0.0028
2.7410 0.0032
1.3184 0.0031
4.1957 0.0021
1.3134 0.0034
1.3141 0.0002
1.3172 0.0021
3.9163 0.0023
1.3697 0.0451
5.4556 0.0074
1.4801 0.0001
4.3986 0.0213
4.2348 0.0111
4.5739 0.0028
4.4140 0.0033
1.4932 0.0032
1.3149 0.0000
0.0125 0.0091
4.0844 0.0123
0.0257 0.0108
5.6244 0.0825
3.6387 0.0026
3.6752 0.0183
0.0269 0.0101
0.0284 0.0000
3.2995 0.0383
0.0267 0.0000
3.6921 0.0026
1.5893 0.0105
4.9135 0.1261
3.9497 0.0040
3.6526 0.0000
3.2207 0.0000
3.6236 0.0079
0.0176 0.0004
0.0140 0.0018
0.0121 0.0042
3.8112 0.0097
0.0183 0.0000
0.0098 0.0004
3.5114 0.5328
3.8308 0.0005
0.0155 0.0024
3.8134 0.0097
0.0152 0.0107
0.0106 0.0173
0.0139 0.0000
6.2880 0.0131
3.8042 0.0157
0.0135 0.0698
0.0077 0.0006
3.4186 0.0571
0.0147 0.0113
0.0097 0.0121
11.1198 0.0347
7.4712 0.0000
12.6174 0.0116
10.7048 0.0040
3.6670 0.0480
9.8335 0.0183
6.6392 0.0003
5.1285 0.0006
8.6563 0.0557
10.2259 0.0179
3.0747 0.0096
5.9423 0.0014
6.6445 0.2223
5.8139 0.0028
8.5306 0.0485
8.1482 0.0312
8.7372 0.0092
6.1668 0.0550
4.7963 0.0033
8.4948 0.0017
9.6541 0.0072
8.8935 0.0453
2.7330 0.0100
6.5542 0.0029
5.6864 0.0687
5.7508 0.0055
3.2145 0.0042
4.0776 0.0022
1.7060 0.0700
7.0449 0.0545
8.2863 0.0118
10.4294 0.0024
9.0084 0.0011
7.9389 0.0012
7.9417 0.0001
4.2977 0.0005
9.6672 0.0001
7.1344 0.0135
7.7155 0.0042
9.8340 0.0062
11.0513 0.0185
8.3899 0.0015
8.2314 0.0095
3.6869 0.0006
9.5116 0.0139
11.3286 0.0664
6.5975 0.0078
6.0396 0.0868
4.1492 0.0465
5.1972 0.0075
9.6259 0.0467
9.0927 0.0113
4.4211 0.0333
6.9036 0.0064
12.1864 0.0039
19.8266 0.0048
9.6497 0.0337
3.6226 0.0001
4.1532 0.0000
6.8998 0.0159
4.0307 0.0112
4.7501 0.0004
7.4106 0.0000
1.6231 0.0125
0.0100 0.0011
1.6171 0.0326
3.4274 0.1748
4.0661 0.0375
0.0083 0.0143
0.0061 0.0119
0.0081 0.0089
0.0071 0.0003
0.0068 0.0002
0.0067 0.0134
1.6415 0.0044
1.5938 0.0344
4.4727 0.0012
0.0061 0.0100
1.6409 0.0001
1.5650 0.0150
0.0084 0.0382
0.0069 0.0469
0.0069 0.0264
0.0076 0.0042
0.0070 0.0030
0.0081 0.0000
0.0074 0.0011
0.0091 0.0032
0.0071 0.0012
0.0063 0.0193
0.0202 0.0003
0.0181 0.0193
0.0175 0.0071
0.0205 0.0074
0.0178 0.0000
0.0182 0.0006
0.0193 0.0147
0.0090 0.0046
0.0079 0.0026
0.0062 0.0000
0.0064 0.0096
0.0082 0.0000
0.0054 0.0159
3.1540 0.0028
0.0072 0.0205
0.0099 0.0025
0.0078 0.0119
0.0080 0.0002
0.0062 0.0028
0.0076 0.0092
0.0079 0.0034
0.0079 0.0018
0.0085 0.0063
0.0071 0.0013
6.8678 0.0028
8.7822 0.1721
0.0120 0.0136
0.0105 0.0004
0.0060 0.0250
0.0076 0.0030
0.0052 0.0017
1.7432 0.0008
1.7474 0.0060
0.0075 0.0044
0.0050 0.0222
0.0070 0.0003
0.0078 0.0010
0.0080 0.0014
0.0096 0.0000
0.0107 0.0153
0.0112 0.0033
0.0046 0.0002
0.0070 0.0061
0.0074 0.0070
0.0071 0.0003
0.0085 0.0032
0.0079 0.0266
3.3982 0.0004
0.0088 0.0053
0.0090 0.0027
3.2336 0.0786
3.9220 0.0145
4.7075 0.0026
0.0081 0.0042
0.0072 0.0055
3.1356 0.0036
0.0096 0.0028
0.0071 0.0003
0.0081 0.0042
0.0074 0.0000
1.7023 0.0204
0.0086 0.0007
0.0065 0.0027
3.8274 0.0141
0.0063 0.0002
0.0105 0.0007
0.0081 0.0041
0.0081 0.0180
0.0053 0.0005
0.0105 0.0045
0.0077 0.0001
0.0057 0.0026
0.0075 0.0001
0.0073 0.0902
0.0069 0.0048
0.0078 0.0013
0.0073 0.0191
0.0055 0.0010
0.0077 0.0146
0.0069 0.0005
0.0058 0.0084
2.4421 0.0013
0.0062 0.0004
0.0069 0.0056
2.7388 0.0340
0.0054 0.0032
3.1103 0.0339
0.0075 0.0006
2.7450 0.0028
0.0065 0.0016
2.9964 0.0236
3.4312 0.0000
3.4553 0.0108
0.0065 0.0071
0.0072 0.0043
0.0080 0.0063
0.0069 0.0175
0.0061 0.0002
0.0068 0.0070
0.0064 0.0110
0.0070 0.0034
0.0076 0.0858
0.0087 0.0085
0.0074 0.0007
0.0086 0.0181
4.2408 0.0600
0.0081 0.0042
0.0067 0.0138
0.0092 0.0107
0.0059 0.0080
0.0088 0.0024
0.0067 0.0006
0.0074 0.0339
0.0081 0.0057
0.0102 0.0072
0.0075 0.0015
0.0090 0.0085
4.0136 0.0133
0.0091 0.0012
0.0080 0.0137
0.0068 0.0015
0.0078 0.0097
0.0095 0.0109
0.0085 0.0006
0.0076 0.0000
4.7501 0.0016
0.0263 0.0038
3.8083 0.0073
0.0257 0.0024
2.6451 0.0040
4.6061 0.0226
0.0304 0.0339
0.0192 0.0005
4.1987 0.0209
3.0934 0.0000
0.0206 0.0084
2.4657 0.0508
0.0220 0.0060
0.0339 0.0032
2.9189 0.0259
0.0285 0.0013
2.9381 0.0011
0.0282 0.0004
0.0266 0.0014
0.0312 0.0090
4.9137 0.0000
4.9787 0.0022
0.0306 0.0282
0.0217 0.0424
3.5038 0.0196
6.1901 0.0447
0.0280 0.0298
0.0208 0.0495
2.0963 0.0039
2.8671 0.0040
2.1037 0.0003
0.0222 0.0000
0.0222 0.0004
5.4531 0.0139
0.0233 0.0018
0.0211 0.0372
0.0231 0.0112
0.0232 0.0002
3.3765 0.0018
4.2296 0.0096
0.0262 0.0278
3.4567 0.0216
0.0270 0.0024
0.0200 0.0165
0.0216 0.0027
0.0219 0.0477
0.0304 0.0001
0.0190 0.0087
4.5056 0.0019
5.4456 0.0229
5.0698 0.0129
2.7475 0.0000
0.0210 0.0037
4.8550 0.0040
3.3125 0.0019
0.0210 0.0085
0.0226 0.0000
0.0207 0.0002
0.0187 0.0015
0.0207 0.0167
0.0233 0.0312
5.5990 0.0988
0.0227 0.0225
0.0307 0.0018
3.6303 0.0241
0.0329 0.0072
0.0341 0.0033
0.0291 0.0006
0.0255 0.0058
0.0330 0.0031
0.0274 0.0186
0.0289 0.0031
0.0313 0.0061
0.0319 0.0018
0.0272 0.0045
0.0283 0.0248
0.0262 0.0028
0.0234 0.0193
4.9520 0.0099
3.7891 0.0067
1.2687 0.0053
0.0207 0.0087
0.0166 0.0103
0.0219 0.0000
0.0249 0.0038
4.0727 0.0198
0.0229 0.0141
0.0194 0.0001
0.0321 0.0091
0.0193 0.0011
4.3452 0.0149
0.0168 0.0000
0.0207 0.0000
0.0228 0.0005
3.4534 0.0003
0.0240 0.0088
0.0221 0.0047
0.0209 0.0002
0.0223 0.0171
5.3360 0.0002
0.0409 0.0035
0.0363 0.0346
0.0377 0.0188
3.5774 0.0250
0.0199 0.0002
0.0221 0.0062
2.3675 0.1051
0.0210 0.0170
3.9494 0.0079
3.7722 0.0005
