1.7201 0.0096 0.0079 0.0645 0.0078
1.7103 0.0096 0.0079 0.0645 0.0078
2.2231 0.0096 0.0079 0.0645 0.0078
2.3262 3.2635 0.0079 0.0645 0.0047
1.7057 0.0096 0.0079 0.0645 0.0078
1.7047 0.0096 0.0079 0.0645 0.0078
1.7120 0.0096 0.0079 0.0645 0.0078
1.7125 0.0096 0.0079 0.0645 0.0078
1.7199 0.0096 0.0079 0.0645 0.0078
1.7038 0.0096 0.0079 0.0645 0.0078
1.6959 0.0096 0.0079 0.0645 0.0078
1.7190 0.0096 0.0079 0.0645 0.0078
1.7183 0.0096 0.0079 0.0645 0.0078
2.2985 3.2628 0.0079 0.0645 0.0047
1.7165 0.0096 0.0079 0.0645 0.0078
2.3253 3.2634 0.0079 0.0645 0.0047
1.7058 0.0096 0.0079 0.0645 0.0078
2.3195 3.2628 0.0079 0.0645 0.0047
1.7082 0.0096 0.0079 0.0645 0.0078
2.3290 3.2632 0.0079 0.0645 0.0047
1.7171 0.0096 0.0079 0.0645 0.0078
1.7077 0.0096 0.0079 0.0645 0.0078
2.3223 3.1687 0.0079 0.0645 0.0058
2.3174 3.1637 0.0079 0.0645 0.0063
1.6993 0.0096 0.0079 0.0645 0.0078
2.0981 0.0096 0.0079 0.0645 0.0078
1.7029 0.0096 0.0079 0.0645 0.0078
1.7213 0.0096 0.0079 0.0645 0.0078
1.6960 0.0096 0.0079 0.0645 0.0078
2.3296 3.2632 0.0079 0.0645 0.0047
1.7197 0.0096 0.0079 0.0645 0.0078
1.7157 0.0096 0.0079 0.0645 0.0078
2.2876 0.0096 0.0079 0.0645 0.0078
1.7100 0.0096 0.0079 0.0645 0.0078
2.2856 0.0096 0.0079 0.0645 0.0078
2.3258 3.2635 0.0079 0.0645 0.0047
2.2879 0.0096 0.0079 0.0645 0.0078
2.1564 0.0096 0.0079 0.0645 0.0078
2.3143 3.2628 0.0079 0.0645 0.0047
1.7108 0.0096 0.0079 0.0645 0.0078
1.7145 0.0096 0.0079 0.0645 0.0078
2.1892 0.0096 0.0079 0.0645 0.0078
1.7140 0.0096 0.0079 0.0645 0.0078
2.3256 3.2634 0.0079 0.0645 0.0047
1.7014 0.0096 0.0079 0.0645 0.0078
1.6903 0.0096 0.0079 0.0645 0.0078
1.7047 0.0096 0.0079 0.0645 0.0078
1.7200 0.0096 0.0079 0.0645 0.0078
1.7153 0.0096 0.0079 0.0645 0.0078
1.6992 0.0096 0.0079 0.0645 0.0078
2.2762 0.0096 0.0079 0.0645 0.0078
2.2998 3.2628 0.0079 0.0645 0.0047
1.7081 0.0096 0.0079 0.0645 0.0078
1.7039 0.0096 0.0079 0.0645 0.0078
1.7177 0.0096 0.0079 0.0645 0.0078
1.7194 0.0096 0.0079 0.0645 0.0078
1.6923 0.0096 0.0079 0.0645 0.0078
2.2016 0.0096 0.0079 0.0645 0.0078
1.6922 0.0096 0.0079 0.0645 0.0078
1.7046 0.0096 0.0079 0.0645 0.0078
2.2991 3.2628 0.0079 0.0645 0.0047
2.2114 0.0096 0.0079 0.0645 0.0078
2.2086 0.0096 0.0079 0.0645 0.0078
1.7126 0.0096 0.0079 0.0645 0.0078
2.2133 0.0096 0.0079 0.0645 0.0078
2.2832 0.0096 0.0079 0.0645 0.0078
1.7201 0.0096 0.0079 0.0645 0.0078
1.7216 0.0096 0.0079 0.0645 0.0078
1.6930 0.0096 0.0079 0.0645 0.0078
2.2937 3.2628 0.0079 0.0645 0.0047
1.7098 0.0096 0.0079 0.0645 0.0078
2.2537 0.0096 0.0079 0.0645 0.0078
2.2102 0.0096 0.0079 0.0645 0.0078
1.7051 0.0096 0.0079 0.0645 0.0078
1.7214 0.0096 0.0079 0.0645 0.0078
1.7123 0.0096 0.0079 0.0645 0.0078
1.7181 0.0096 0.0079 0.0645 0.0078
2.2947 3.2628 0.0079 0.0645 0.0047
