0.3485 0.0009
0.3543 0.0004
5.9205 0.0007
1.4802 0.0008
5.0725 0.0010
6.6699 0.0005
6.7046 0.0015
9.6603 0.0014
7.3614 0.0015
7.7834 0.0005
5.4546 0.0006
3.3083 0.0008
3.3677 0.0010
1.9367 0.0008
11.9058 0.0006
10.5116 0.0013
11.8331 0.0017
5.9425 0.0005
1.3249 0.0008
7.1578 0.0011
12.4320 0.0012
4.6529 0.0011
7.7972 0.0017
7.6072 0.0006
7.6205 0.0014
6.6610 0.0024
4.0245 0.0008
7.1687 0.0013
7.0987 0.0017
7.7231 0.0019
6.3292 0.0010
5.9331 0.0016
7.1447 0.0006
7.3664 0.0014
6.5009 0.0014
6.3224 0.0010
5.0006 0.0014
7.5913 0.0017
7.2065 0.0020
7.4517 0.0016
5.2663 0.0004
7.3425 0.0012
2.0679 0.0007
2.4193 0.0016
1.9452 0.0010
1.9085 0.0004
2.0536 0.0004
2.1686 0.0008
2.3489 0.0006
1.9267 0.0011
1.8919 0.0012
1.9384 0.0017
2.6942 0.0012
1.9544 0.0008
2.5107 0.0017
1.9091 0.0015
1.8898 0.0015
3.3133 3.3377
2.6452 0.0012
1.8809 0.0010
2.4781 0.0016
2.2200 0.0019
1.9959 0.0011
2.0621 0.0007
2.4928 0.0019
2.4778 0.0008
1.9543 0.0006
2.0243 0.0012
2.9871 3.3625
3.1237 3.3616
2.2504 0.0015
2.1317 0.0007
2.1007 0.0016
1.9921 0.0007
2.3149 0.0008
2.2536 0.0014
2.0057 0.0011
2.2532 0.0015
2.3402 3.3626
2.3460 0.0013
2.2365 0.0012
3.0175 3.3673
2.3926 0.0017
3.1598 0.0012
3.2754 0.0013
2.0760 0.0016
2.5189 0.0009
4.5858 0.0014
2.7656 0.0012
2.0931 0.0007
3.6900 0.0012
4.2116 0.0026
2.1589 0.0009
2.5957 0.0008
3.0972 0.0007
2.2367 0.0006
1.9077 0.0010
4.0132 0.0004
2.1921 0.0012
2.9739 0.0014
3.6765 0.0008
2.6593 0.0008
0.2228 0.0015
0.5040 0.0006
3.3732 0.0023
0.2018 0.0008
0.2046 0.0013
0.2122 0.0010
0.2231 0.0007
1.0700 0.0007
2.3798 0.0019
0.1902 0.0010
0.2780 0.0013
0.3339 0.0005
0.2058 0.0007
0.2192 0.0010
5.8341 0.6642
0.3013 0.0008
0.2030 0.0007
0.1934 0.0010
0.4732 0.0011
0.4787 0.0006
0.4833 0.0027
0.6858 0.0008
0.4974 0.0010
0.5092 0.0015
0.5041 0.0009
0.4895 0.0008
0.5024 0.0010
0.5552 0.0019
0.5021 0.0010
0.5061 0.0012
0.4980 0.0009
0.4702 0.0016
0.4862 0.0014
0.4839 0.0017
0.4720 0.0015
0.5007 0.0011
0.4782 0.0020
0.5428 0.0015
0.9580 0.0006
0.9875 0.0015
0.9503 0.0018
0.9892 0.0005
0.9885 0.0009
0.9802 0.0019
0.9681 0.0012
0.9423 0.0017
0.9913 0.0019
0.9636 0.0009
0.9517 0.0014
0.9637 0.0007
0.9512 0.0010
0.9694 0.0007
0.9873 0.0015
0.9604 0.0012
0.9825 0.0010
0.9880 0.0012
0.9485 0.0005
0.9691 0.0013
1.3808 0.0009
0.8993 0.0026
1.2799 0.0016
1.1389 0.0011
1.0387 0.0008
0.8851 0.0018
2.7924 0.0008
0.6318 0.0019
1.0514 0.0015
1.6769 0.0013
5.0284 0.0020
7.0904 0.0025
0.5215 0.0019
1.1167 0.0011
0.9896 0.0010
0.8486 0.0014
5.3254 0.0009
1.4505 0.0016
0.8293 0.0016
0.4330 0.0009
0.4466 0.0014
0.4723 0.0011
0.4777 0.0011
0.5900 0.0012
0.5122 0.0014
0.4919 0.0013
0.5141 0.0008
0.4950 0.0010
0.4242 0.0016
0.4877 0.0007
0.5761 0.0015
0.4139 0.0013
0.4984 0.0016
0.5037 0.0011
0.5522 0.0005
0.4836 0.0017
0.4671 0.0006
0.5227 0.0014
0.5983 0.0011
0.5346 0.0015
2.1869 0.0008
0.7445 0.0013
0.7859 0.0012
0.5837 0.0010
0.4017 0.0012
0.4882 0.0017
1.1667 0.0020
0.4224 0.0006
0.1595 0.0007
1.2596 0.0007
0.6968 0.0009
0.8898 0.0007
1.8806 0.0013
2.5384 0.0015
1.6783 0.0004
0.7397 0.0017
6.1571 0.0010
0.2515 0.0010
0.4415 0.0018
3.5608 0.0011
0.6286 0.0016
1.8227 1.4903
0.6749 0.0019
1.1963 0.0015
1.5059 0.0007
1.1053 0.0010
1.2465 0.0010
0.9925 0.0015
0.3199 0.0013
1.2045 0.0008
0.3133 0.0010
1.2143 0.0012
1.1865 0.0022
0.3348 0.0012
1.1844 0.0020
1.2765 0.0015
1.3756 0.0022
1.2192 0.0006
1.4769 0.0013
0.9046 0.0021
1.7697 0.0007
1.7906 0.0015
1.7571 0.0007
1.7962 0.0003
1.7375 0.0006
1.7958 0.0016
1.7767 0.0010
1.7489 0.0007
1.7594 0.0009
1.7598 0.0006
1.7869 0.0007
1.8033 0.0008
1.7805 0.0010
1.7702 0.0019
1.7963 0.0019
1.7654 0.0012
1.7462 0.0016
1.8080 0.0009
1.7574 0.0020
1.7658 0.0009
4.1183 0.0015
3.0272 0.0012
3.9335 0.0012
3.3477 0.0009
4.9307 0.0009
3.2174 0.0016
2.9847 0.0008
3.9473 0.0013
5.9220 0.0006
4.3151 0.0019
3.8319 0.0010
4.9859 0.0007
4.3057 0.0015
4.5194 0.0009
5.3039 0.0012
5.7435 0.0017
3.1536 0.0010
5.5280 0.0015
3.4594 0.0018
4.5395 0.0014
0.4573 0.0006
0.9056 0.0011
1.0928 0.0011
2.5738 0.0011
0.3777 0.0014
0.6852 0.0010
2.9496 0.0012
1.5934 0.0007
1.9562 0.0007
0.8505 0.0008
0.7394 0.0010
0.4032 0.0011
0.5433 0.0008
0.5356 0.0007
0.7184 0.0019
0.9524 0.0008
0.2564 0.0009
1.4319 0.0014
0.6092 0.0009
0.4631 0.0011
6.2377 0.6778
1.7189 0.0007
2.7004 0.0010
7.7811 4.9574
8.7179 3.4194
7.6767 2.8608
1.5042 0.0016
6.8201 0.6978
2.4454 0.0008
1.5468 0.0007
1.7481 0.0013
7.8060 0.8594
1.8878 0.8724
9.1774 0.6645
6.0122 0.0012
1.5445 0.8723
6.6861 0.6726
1.6990 0.0010
1.3731 0.0007
6.0104 0.0006
0.7964 0.0016
0.7027 0.0013
0.6625 0.0016
0.9646 0.0018
0.7960 0.0008
0.8406 0.0016
0.8837 0.0012
0.8950 0.0012
0.6326 0.0012
0.6925 0.0011
0.8202 0.0024
0.7126 0.0009
0.8589 0.0015
0.6181 0.0016
0.8032 0.0007
0.7624 0.0015
0.6658 0.0019
0.6730 0.0021
0.7132 0.0011
0.8148 0.0011
1.7449 0.0009
1.4711 0.0012
1.4786 0.0012
1.5034 0.0021
1.5635 0.0016
1.5075 0.0008
1.4682 0.0012
1.4958 0.0009
0.9791 0.0011
1.4188 0.0017
1.5454 0.0007
1.5068 0.0014
1.6572 0.0014
0.2387 0.0007
1.5409 0.0015
1.5856 0.0014
1.5601 0.0012
1.5603 0.0012
1.3474 0.0016
1.4626 0.0011
7.8466 0.6841
4.8505 0.6865
5.2473 0.6863
3.5981 0.6852
3.7269 0.6861
5.1167 0.6874
9.0607 0.6840
15.4198 0.6863
5.9625 0.6835
7.5911 0.6841
14.1498 0.6833
16.0085 0.6865
9.3404 0.6846
12.1506 0.6854
3.1134 0.6863
5.3263 0.6856
8.7298 0.6847
4.4432 0.6847
3.5275 0.6847
9.6607 0.6836
0.3781 0.0007
0.4752 0.0010
0.3160 0.0006
0.3854 0.0006
0.4996 0.0011
0.6693 0.0008
0.4116 0.0006
0.3530 0.0008
0.6351 0.0012
0.5288 0.0016
0.3314 0.0013
0.4343 0.0010
0.3660 0.0013
0.4740 0.0010
0.3694 0.0009
0.3620 0.0012
0.4340 0.0011
0.3473 0.0008
0.3515 0.0006
0.3789 0.0016
4.7168 0.0025
4.0883 0.0045
2.1965 0.0017
4.7315 0.0030
5.3350 0.0023
2.8887 0.0031
1.7662 0.0028
4.5154 0.0040
4.7157 0.0024
7.5059 0.0027
3.2878 0.0025
3.8363 0.0024
5.0281 0.0016
3.9451 0.0022
1.3538 0.0016
2.7258 0.0032
2.5318 0.0030
4.4334 0.0022
3.3021 0.0031
5.5703 0.0025
1.0696 0.0023
0.9126 0.0020
2.5344 0.0018
2.3252 0.0021
3.0390 0.0028
1.0413 0.0022
2.5041 0.0043
2.7332 0.0040
2.2092 0.0022
1.3224 0.0018
2.5148 0.0019
1.0498 0.0016
1.1198 0.0021
1.2784 0.0013
2.3594 0.0022
2.3837 0.0017
1.1689 0.0009
1.0820 0.0039
1.1132 0.0011
0.9630 0.0040
0.3922 0.0031
0.4194 0.0017
0.3154 0.0020
0.3017 0.0027
0.2946 0.0023
0.3224 0.0051
0.4903 0.0015
0.6385 0.0028
0.2925 0.0030
0.3096 0.0016
0.4441 0.0026
0.4743 0.0021
0.7488 0.0051
0.5869 0.0019
0.7501 0.0024
0.5643 0.0040
0.4846 0.0041
0.4302 0.0053
0.2423 0.0038
0.6627 0.0038
3.1787 0.0034
3.1094 2.4430
3.4314 0.0021
2.1985 0.0040
1.4700 0.0058
1.4501 0.0040
1.5275 0.0043
4.1787 2.4320
2.1685 2.4429
6.3005 2.4365
2.3167 0.0028
1.6974 0.0043
7.1767 2.4410
2.0267 0.0071
3.5360 2.4440
2.7533 0.0044
1.1821 0.0049
6.9883 2.4405
1.6929 0.0071
4.5746 0.0061
0.6049 0.0033
0.2254 0.0016
0.3915 0.0021
0.3609 0.0034
0.3307 0.0017
0.3693 0.0029
0.2999 0.0028
0.2468 0.0036
0.6036 0.0016
0.1769 0.0031
0.1288 0.0012
0.2684 0.0031
0.4116 0.0038
0.1938 0.0025
0.1988 0.0030
0.2274 0.0021
0.1635 0.0020
0.1890 0.0022
0.3061 0.0033
0.3010 0.0015
1.2187 0.0079
1.4856 0.0060
0.7859 0.0077
1.0672 0.0089
1.9729 0.0064
2.5133 3.2544
1.1583 0.0070
0.8604 0.0069
1.2564 0.0076
3.1628 0.0085
1.1458 0.0063
1.8395 0.0079
2.6408 0.0075
2.0076 3.2592
1.2267 0.0097
2.5258 0.0101
1.3967 0.0091
2.9246 0.0082
1.3579 0.0087
2.4640 0.0096
3.5445 0.0025
5.8301 0.0013
3.9375 0.0027
4.4599 0.0055
3.2829 0.0031
3.9243 0.0037
3.5290 0.0023
3.9973 0.0045
3.4179 0.0049
1.6566 0.0019
5.9287 0.0023
3.9588 0.0026
3.8151 0.0031
4.0769 0.0029
3.3548 0.0017
5.4400 0.0033
5.0060 0.0032
5.6706 0.0024
6.0249 0.0010
4.7705 0.0033
3.1086 0.0020
3.5503 0.0023
1.8620 0.0028
2.0015 0.0026
3.3538 0.0040
3.4002 0.0020
2.2596 0.0037
3.1751 0.0020
3.7822 0.0037
5.1565 0.0016
1.0124 0.0017
2.3783 0.0028
3.8992 0.0025
10.1592 0.0033
4.1395 0.0025
1.6691 0.0028
1.1897 0.0025
1.5716 0.0020
2.6004 0.0037
1.4267 0.0032
1.6968 0.0036
1.7051 0.0032
1.6007 2.7220
1.2946 0.0032
2.3018 0.0055
0.9628 0.0021
2.8287 0.0028
1.2266 0.0017
2.7550 0.0031
1.8280 0.0036
2.2245 2.7322
3.1454 0.0022
2.0060 0.0034
10.0234 0.0036
1.9142 0.0022
6.5779 0.0032
1.4379 0.0022
2.3179 0.0030
1.9593 0.0034
1.8273 0.0013
12.8763 0.0045
9.6311 0.0035
10.3134 0.0017
13.0080 0.0019
16.4158 0.0026
11.7515 0.0050
11.8970 0.0026
10.3709 0.0023
13.6874 0.0021
11.5104 0.0026
15.5607 0.0034
12.4608 0.0040
10.8661 0.0019
14.1917 0.0031
10.7846 0.0021
13.6429 0.0015
14.0641 0.0033
11.4960 0.0034
9.5481 0.0025
16.0067 0.0022
1.6443 0.0019
2.3457 2.5571
0.9388 0.0037
0.8115 0.0034
6.0371 0.0057
4.0870 2.5612
3.7532 0.0030
1.5363 0.0034
1.8127 2.5609
1.9560 2.5602
2.0724 0.0050
4.1956 2.5617
3.8404 2.5644
1.0116 0.0027
3.6940 2.5657
1.4320 0.0031
4.3591 2.5649
3.0120 0.0027
2.7490 0.0024
1.8430 0.0039
4.4506 0.0031
2.6977 0.0025
2.7757 0.0034
1.0543 0.0022
2.3859 0.0038
2.6595 0.0024
3.1672 0.0031
1.2044 0.0035
1.2101 0.0012
1.2497 0.0026
2.9223 0.0025
3.8767 0.0040
4.0979 0.0024
2.1546 0.0032
4.3043 0.0012
1.2310 0.0050
2.8399 0.0010
3.2722 0.0039
2.3539 0.0034
1.9988 0.0043
1.2683 0.0019
1.3271 0.0051
1.3644 0.0046
1.6261 0.0008
1.2512 0.0018
2.0967 0.0025
2.2895 0.0012
1.2849 0.0023
1.5645 0.0032
0.9358 0.0014
1.3653 0.0025
3.1333 0.0047
1.1881 0.0028
2.0965 0.0027
1.4376 0.0029
1.2816 0.0041
1.4302 0.0025
0.9296 0.0031
2.4715 0.0028
1.3129 0.0020
1.4997 0.0011
0.9241 0.0019
1.3354 0.0033
1.1439 0.0042
1.0457 0.0061
1.4216 0.0031
1.5445 0.0013
1.5553 0.0020
1.4600 0.0030
0.8351 0.0060
0.6608 0.0031
1.2526 0.0027
0.7689 0.0020
0.8454 0.0040
1.4831 0.0032
1.6074 0.0033
0.8925 0.0031
1.6788 0.0007
0.7511 0.0030
1.3912 0.0033
5.3538 4.2556
2.3262 1.0752
9.6569 0.0080
6.1598 4.2560
7.1616 0.0079
16.5265 0.0089
8.3364 1.0717
5.5693 4.2555
7.4095 4.6166
0.9389 1.0754
2.3651 0.0079
10.3069 0.0075
11.8629 0.0078
2.4108 0.0076
2.0782 0.0074
9.9579 0.0088
7.4030 4.1456
2.4410 0.0044
5.7206 4.1323
6.0735 0.0016
6.6712 0.0043
2.2585 0.0028
2.3310 0.0020
1.9926 0.0048
7.1846 0.0052
5.3711 0.0056
2.3764 0.0045
2.1324 0.0056
6.8181 0.0011
5.1959 0.0051
7.8870 3.3719
1.9237 0.0040
4.6556 0.0027
2.2281 0.0045
7.2583 1.6214
4.2632 0.0018
1.3662 0.0041
2.7317 0.0033
3.4999 0.0033
3.1984 2.9053
2.1085 0.0041
2.9218 0.0023
3.2333 0.0036
1.7394 0.0044
3.0138 0.0029
2.5420 0.0029
2.9996 0.0017
2.4392 0.0035
2.1158 0.0032
6.7887 0.0032
2.6389 0.0050
1.0677 0.0029
4.6666 0.0028
2.1397 0.0028
2.0259 0.0053
4.1653 0.0031
9.7274 0.0029
16.3907 0.0028
3.5744 0.0016
5.5069 0.0015
13.2282 3.5597
7.0387 0.0027
3.8536 3.5576
16.5273 0.0030
4.8436 3.5596
9.0472 0.0037
4.6095 0.0038
2.2637 3.5613
1.9038 0.0031
2.0332 0.0021
9.7042 0.0033
4.0364 0.0023
1.5074 0.0034
2.6627 0.0028
0.4532 0.0028
1.7404 0.0026
1.3991 0.0013
1.6352 0.0026
1.3395 0.0030
2.6328 0.0048
0.4692 0.0035
1.3744 0.0024
1.6103 0.0031
2.6285 0.0035
5.7051 0.0015
2.3737 0.0031
1.8471 0.0030
1.3732 0.0014
0.6770 0.0020
2.1018 0.0015
0.7952 0.0026
5.4557 2.8465
0.7438 0.0027
1.1964 0.0026
5.6390 0.0032
1.4437 0.0019
1.5471 0.0030
3.1769 0.0021
7.4385 0.0038
7.5249 0.0016
4.8228 0.0023
2.4455 0.0028
3.1785 0.0035
0.6805 0.0039
3.0665 0.0034
2.5134 0.0031
1.1003 0.0024
1.2079 0.0022
2.4007 0.0024
1.1154 0.0029
1.0860 0.0024
3.5676 0.0265
4.3357 0.0222
6.0788 1.2488
4.5744 0.0274
12.4706 0.0303
3.9463 3.6866
4.0196 3.1475
4.0023 2.9394
3.6977 0.0281
3.6739 4.0888
4.5518 4.9428
4.3215 0.0186
3.5739 0.0329
4.0524 0.0283
3.9556 0.0265
4.6773 0.0106
5.3358 2.8599
5.2043 3.9914
4.2038 2.1198
3.5357 1.2021
3.0553 0.0116
3.8515 0.0146
4.8096 0.0134
6.9330 0.0115
6.6512 4.1013
5.0932 3.3444
3.0380 1.2097
3.8736 1.2138
3.0365 0.6544
5.1409 1.2129
4.0567 3.2856
4.1222 1.2099
5.7189 0.0229
4.7860 3.0684
11.9008 0.0206
3.7990 0.0226
7.2838 0.0178
5.9190 4.3020
7.3004 1.8646
5.7409 1.7965
8.5959 4.4710
14.9815 0.0248
4.4519 1.7202
5.3010 3.8278
6.9689 1.1890
6.9677 0.0217
6.0575 2.3278
4.9444 4.4496
6.2157 4.6510
8.5256 2.9795
6.2721 0.0210
6.6078 1.8034
3.8062 3.8673
3.8943 5.1506
3.6621 0.0056
4.1865 0.0174
5.0079 5.8490
4.4329 4.7406
3.9695 2.2408
4.2066 1.2992
4.5275 4.0090
5.0169 0.0092
4.4214 0.0091
5.5227 0.0108
4.6720 0.0132
4.7316 4.2186
4.9112 0.0107
4.6346 0.0096
4.3368 2.2294
5.5819 0.0130
5.0210 0.0186
4.9018 4.2100
5.0318 3.6964
4.7222 4.2362
5.0636 0.0167
4.9688 4.2234
6.1393 2.2509
4.6319 3.2791
5.8875 4.2417
4.5933 5.6659
4.6353 5.3408
4.3564 0.0206
3.2097 0.0135
3.1143 0.4972
3.3039 0.0132
3.3629 1.0796
2.9953 0.4939
3.1780 1.0725
3.4648 0.0171
3.6904 0.0115
3.5643 0.0243
3.5157 2.1073
3.6233 0.0159
3.2672 0.0103
2.8711 1.0850
4.1217 2.0702
3.7853 0.4972
3.5798 0.0125
3.7461 0.0113
3.3581 0.0104
3.5664 2.3283
3.5178 0.0132
4.8445 0.0088
4.9657 4.9990
5.1469 0.0165
3.5021 0.0112
3.9894 0.0111
4.5437 0.0096
4.9093 0.0142
4.5185 4.5739
4.1907 1.8731
3.2293 0.0090
5.5641 0.0124
3.4518 0.0116
3.9482 0.0102
5.2876 0.0106
4.0047 3.6536
4.8432 0.0110
4.8547 0.0151
4.3791 6.7422
4.4979 1.5383
5.9373 4.1664
3.1507 0.0138
3.6345 0.0126
4.2312 3.6523
4.4248 0.0123
3.6408 0.0108
4.1833 3.2961
5.3204 2.0454
6.8926 2.4411
5.2614 2.7528
5.1885 0.0107
3.4836 2.4012
3.7728 3.2917
3.3858 0.0096
4.3684 0.0113
4.6449 3.3191
5.3510 0.0117
3.8992 2.4388
3.8624 0.0084
4.9925 0.0098
4.2991 0.0124
4.5041 0.0175
3.8950 2.5438
4.9719 0.0098
5.2636 1.6003
5.3866 5.1299
4.3267 0.0139
6.6369 3.6471
5.1240 1.6119
4.5899 3.6114
6.2401 4.8267
4.9799 4.4128
4.5163 0.0181
5.0055 2.9965
5.5955 0.0142
4.4048 4.1348
5.9732 3.0086
5.0257 4.5738
5.1552 0.0121
4.1461 0.0173
4.7638 3.1776
4.0088 3.4322
4.1360 0.0212
5.0617 0.0177
4.5305 1.3824
3.5229 0.0127
4.5139 4.5353
3.6293 3.6663
3.7542 0.0140
4.3722 4.0599
3.8867 1.1128
4.8077 0.9321
4.2216 0.9351
4.1657 3.1562
4.9861 0.9329
4.1442 3.2160
3.4541 0.0104
9.3195 0.0112
3.5850 0.0124
3.9341 2.7753
4.6812 0.0090
17.1183 0.0116
12.8216 0.0143
6.9086 0.0171
4.2795 0.0116
6.2077 0.0160
4.7270 0.0114
4.5596 4.4694
5.3004 0.0113
3.9477 0.0129
6.0654 0.0122
4.1297 0.0160
3.0777 0.0151
3.0091 0.0143
3.7481 0.0158
4.1147 0.0216
3.2701 0.0189
2.9404 0.0161
3.5964 0.0156
4.0442 0.0134
6.3576 0.0190
4.0859 0.0159
4.3399 1.3392
3.5649 0.0145
3.4460 0.0124
3.7863 2.9510
3.0620 0.0153
2.9254 0.0122
4.3892 1.3380
5.9182 0.0152
5.4647 1.3390
3.6745 0.0105
3.9076 0.0119
4.5066 0.0122
4.5074 0.0078
10.6198 0.0115
8.2493 2.3499
5.9793 0.0152
9.2756 0.0140
4.6083 0.0105
5.1667 0.0136
4.7511 2.2923
4.9673 0.0138
4.9256 2.2801
4.9375 0.0160
4.8047 0.0098
4.2379 2.3056
4.0486 0.0146
3.8989 0.0107
5.6374 0.0116
4.3164 2.2765
3.0471 0.0089
6.2757 0.0138
4.0310 1.2636
4.6741 3.7807
5.1660 0.9887
3.3981 0.0086
4.0042 3.9323
3.2443 4.2485
3.4685 0.0125
2.6228 0.0115
3.7987 3.4267
4.3856 1.6769
3.0952 0.0084
3.0135 0.0133
6.5624 0.0150
3.1890 1.0833
3.9446 0.9868
3.9840 0.0109
3.7792 1.0738
5.9919 0.0107
9.8832 2.1389
4.3454 3.8603
7.0118 1.7612
7.0618 2.0319
5.1583 4.9529
7.1943 3.8853
5.4041 2.5528
5.6628 2.5846
5.2491 2.0264
4.9844 3.8654
7.9974 2.8809
8.8839 0.0140
6.3326 6.0085
3.5276 1.3946
4.5941 3.6859
4.2783 0.0157
4.2328 4.9087
5.5317 1.8333
4.9285 0.0165
4.1878 0.0166
3.7318 1.4076
4.9562 3.5756
4.3373 4.1460
4.1195 1.3084
4.1535 0.0151
3.3801 0.0124
4.3483 3.6939
4.3583 3.7257
3.2351 0.0097
4.1672 0.0170
4.2856 0.0146
4.1651 0.0118
3.0539 0.0182
5.6662 5.4004
4.3880 0.0081
5.9965 2.6847
5.9998 3.2290
5.2639 3.3952
4.4477 4.8286
6.4878 0.0094
4.8918 0.0123
5.5325 2.7302
5.4741 2.7631
5.8399 3.9728
5.0423 2.7495
4.6595 2.9573
6.1942 0.0135
6.3121 0.0070
7.6258 0.0130
4.8580 0.0066
4.5728 2.7059
5.0791 4.8244
4.8519 3.2089
7.3523 1.4853
8.2685 2.3242
10.2452 4.2674
7.9144 2.3766
7.1370 2.5914
10.6104 5.9486
4.6598 0.0123
6.1021 4.6145
7.7495 1.3221
6.5732 0.0093
4.6818 2.3893
5.3063 0.0208
4.9787 0.0286
8.6347 5.0951
4.8234 2.6527
3.9846 0.0235
7.9136 0.0265
7.3737 1.6044
7.1975 0.0230
8.9329 0.0248
5.0101 0.0234
9.7792 0.0261
5.8180 2.3281
6.1805 1.6158
4.7059 1.5865
4.2082 1.6266
4.9330 0.0227
6.4499 0.0283
5.8658 0.0246
4.7743 3.6800
5.7300 0.0284
11.2480 3.8087
6.8762 0.0129
7.6374 6.7003
7.5052 3.4825
19.5891 0.0082
9.5043 3.4822
6.0353 3.5113
4.6011 3.8244
7.1288 0.0102
8.7352 0.0124
8.4781 0.0145
9.4191 0.0172
12.2689 0.0097
7.5943 3.8066
9.5675 0.0120
7.5213 0.0089
5.5502 0.0121
7.4743 0.0130
8.9551 3.5046
9.1866 8.7762
8.6653 7.5331
7.9256 6.4000
10.1491 9.3803
8.4985 10.3339
9.1508 3.1999
13.6286 9.8350
11.0678 9.0981
9.4953 7.1341
10.2619 7.6086
7.3958 2.9908
7.4215 6.7322
7.4088 6.4380
7.7378 8.6588
8.0745 4.9801
7.5443 6.9231
8.8615 3.9559
8.6352 7.9057
7.4427 6.5242
7.9812 6.4934
7.2252 2.5035
7.8032 8.1508
7.9673 8.0496
6.5894 7.6867
6.3878 5.3323
6.7162 6.1454
11.8071 5.3149
13.1877 8.0363
9.9062 6.5965
8.6353 5.1209
10.5578 10.2440
8.3914 6.1584
7.3992 4.8390
8.1752 7.7650
6.9159 11.3248
6.7015 5.2553
7.1419 6.3424
7.0976 8.0151
6.6557 9.0919
7.9010 10.7251
8.3325 10.6595
9.1529 10.0681
8.2457 12.7607
6.6217 7.3621
6.5558 7.5582
8.3965 8.1706
12.6585 10.6529
9.7629 12.1953
9.1837 2.5828
7.7671 5.4473
9.3256 8.8284
7.9430 4.7211
11.5420 13.7529
9.1850 5.1037
6.7137 2.9900
7.4681 4.2640
6.8830 6.4338
7.0014 8.2546
6.8551 7.5562
7.0796 7.5928
7.4292 5.6473
4.5002 0.0070
3.7868 3.2434
4.0406 0.0079
3.8360 4.2640
3.7323 0.0076
4.3917 0.0066
4.2177 1.5858
4.2004 0.0079
3.9548 2.3656
4.3513 3.2641
3.9433 3.1958
4.3511 3.2257
3.5767 2.3587
4.0746 2.3968
3.8518 0.0074
4.0471 0.0075
4.1137 0.0089
3.3368 0.0046
3.6877 0.0093
3.4842 0.0084
3.3347 0.0067
4.0551 0.0078
3.9368 0.0063
3.4798 0.0084
3.7225 0.0065
3.7562 0.0085
3.6999 0.0079
4.2738 0.0067
3.9917 0.0071
3.4503 0.0066
5.7185 0.0175
5.6866 0.0164
5.0807 3.7022
5.0764 0.0197
4.8260 0.0151
5.7520 0.0188
5.6021 0.0200
2.8030 0.0077
2.7399 0.0063
2.9553 0.0067
2.8467 0.0089
3.2075 0.0081
2.7875 0.0083
2.6502 0.0074
3.3286 0.0084
3.9222 0.0086
3.9185 0.0081
3.7404 0.0075
2.3540 0.0088
2.9736 1.6233
2.3231 0.0062
3.8345 0.0066
3.6729 0.0078
4.7680 0.0057
5.3616 0.0082
3.0220 0.0084
2.8474 0.0083
2.2217 0.0080
1.3258 0.0066
1.3752 0.0071
3.3394 0.0083
3.4208 0.0076
3.3790 0.0087
3.1920 2.7371
3.0490 0.0091
3.5575 3.0033
3.3784 0.0088
3.3478 0.0068
5.5434 0.0061
4.8679 0.0053
3.8564 0.0061
4.1112 0.0066
4.5697 0.0068
4.0129 0.0058
7.4969 0.0231
19.0334 0.0258
11.4380 0.0309
12.3208 0.0226
8.6336 3.9771
7.7899 0.0200
6.9495 0.0267
13.2819 0.0223
10.9038 4.7274
7.9157 0.0187
6.5246 0.0211
6.4770 0.0422
8.1919 3.7028
16.4177 0.0260
11.3845 4.2645
10.0596 0.0206
7.6404 6.0996
8.9358 0.0343
9.7007 0.0182
