0.0009
0.0004
0.0007
0.0008
0.0010
0.0005
0.0015
0.0014
0.0015
0.0005
0.0006
0.0008
0.0010
0.0008
0.0006
0.0013
0.0017
0.0005
0.0008
0.0011
0.0012
0.0011
0.0017
0.0006
0.0014
0.0024
0.0008
0.0013
0.0017
0.0019
0.0010
0.0016
0.0006
0.0014
0.0014
0.0010
0.0014
0.0017
0.0020
0.0016
0.0004
0.0012
0.0007
0.0016
0.0010
0.0004
0.0004
0.0008
0.0006
0.0011
0.0012
0.0017
0.0012
0.0008
0.0017
0.0015
0.0015
3.3377
0.0012
0.0010
0.0016
0.0019
0.0011
0.0007
0.0019
0.0008
0.0006
0.0012
3.3625
3.3616
0.0015
0.0007
0.0016
0.0007
0.0008
0.0014
0.0011
0.0015
3.3626
0.0013
0.0012
3.3673
0.0017
0.0012
0.0013
0.0016
0.0009
0.0014
0.0012
0.0007
0.0012
0.0026
0.0009
0.0008
0.0007
0.0006
0.0010
0.0004
0.0012
0.0014
0.0008
0.0008
0.0015
0.0006
0.0023
0.0008
0.0013
0.0010
0.0007
0.0007
0.0019
0.0010
0.0013
0.0005
0.0007
0.0010
0.6642
0.0008
0.0007
0.0010
0.0011
0.0006
0.0027
0.0008
0.0010
0.0015
0.0009
0.0008
0.0010
0.0019
0.0010
0.0012
0.0009
0.0016
0.0014
0.0017
0.0015
0.0011
0.0020
0.0015
0.0006
0.0015
0.0018
0.0005
0.0009
0.0019
0.0012
0.0017
0.0019
0.0009
0.0014
0.0007
0.0010
0.0007
0.0015
0.0012
0.0010
0.0012
0.0005
0.0013
0.0009
0.0026
0.0016
0.0011
0.0008
0.0018
0.0008
0.0019
0.0015
0.0013
0.0020
0.0025
0.0019
0.0011
0.0010
0.0014
0.0009
0.0016
0.0016
0.0009
0.0014
0.0011
0.0011
0.0012
0.0014
0.0013
0.0008
0.0010
0.0016
0.0007
0.0015
0.0013
0.0016
0.0011
0.0005
0.0017
0.0006
0.0014
0.0011
0.0015
0.0008
0.0013
0.0012
0.0010
0.0012
0.0017
0.0020
0.0006
0.0007
0.0007
0.0009
0.0007
0.0013
0.0015
0.0004
0.0017
0.0010
0.0010
0.0018
0.0011
0.0016
1.4903
0.0019
0.0015
0.0007
0.0010
0.0010
0.0015
0.0013
0.0008
0.0010
0.0012
0.0022
0.0012
0.0020
0.0015
0.0022
0.0006
0.0013
0.0021
0.0007
0.0015
0.0007
0.0003
0.0006
0.0016
0.0010
0.0007
0.0009
0.0006
0.0007
0.0008
0.0010
0.0019
0.0019
0.0012
0.0016
0.0009
0.0020
0.0009
0.0015
0.0012
0.0012
0.0009
0.0009
0.0016
0.0008
0.0013
0.0006
0.0019
0.0010
0.0007
0.0015
0.0009
0.0012
0.0017
0.0010
0.0015
0.0018
0.0014
0.0006
0.0011
0.0011
0.0011
0.0014
0.0010
0.0012
0.0007
0.0007
0.0008
0.0010
0.0011
0.0008
0.0007
0.0019
0.0008
0.0009
0.0014
0.0009
0.0011
0.6778
0.0007
0.0010
4.9574
3.4194
2.8608
0.0016
0.6978
0.0008
0.0007
0.0013
0.8594
0.8724
0.6645
0.0012
0.8723
0.6726
0.0010
0.0007
0.0006
0.0016
0.0013
0.0016
0.0018
0.0008
0.0016
0.0012
0.0012
0.0012
0.0011
0.0024
0.0009
0.0015
0.0016
0.0007
0.0015
0.0019
0.0021
0.0011
0.0011
0.0009
0.0012
0.0012
0.0021
0.0016
0.0008
0.0012
0.0009
0.0011
0.0017
0.0007
0.0014
0.0014
0.0007
0.0015
0.0014
0.0012
0.0012
0.0016
0.0011
0.6841
0.6865
0.6863
0.6852
0.6861
0.6874
0.6840
0.6863
0.6835
0.6841
0.6833
0.6865
0.6846
0.6854
0.6863
0.6856
0.6847
0.6847
0.6847
0.6836
0.0007
0.0010
0.0006
0.0006
0.0011
0.0008
0.0006
0.0008
0.0012
0.0016
0.0013
0.0010
0.0013
0.0010
0.0009
0.0012
0.0011
0.0008
0.0006
0.0016
0.0025
0.0045
0.0017
0.0030
0.0023
0.0031
0.0028
0.0040
0.0024
0.0027
0.0025
0.0024
0.0016
0.0022
0.0016
0.0032
0.0030
0.0022
0.0031
0.0025
0.0023
0.0020
0.0018
0.0021
0.0028
0.0022
0.0043
0.0040
0.0022
0.0018
0.0019
0.0016
0.0021
0.0013
0.0022
0.0017
0.0009
0.0039
0.0011
0.0040
0.0031
0.0017
0.0020
0.0027
0.0023
0.0051
0.0015
0.0028
0.0030
0.0016
0.0026
0.0021
0.0051
0.0019
0.0024
0.0040
0.0041
0.0053
0.0038
0.0038
0.0034
2.4430
0.0021
0.0040
0.0058
0.0040
0.0043
2.4320
2.4429
2.4365
0.0028
0.0043
2.4410
0.0071
2.4440
0.0044
0.0049
2.4405
0.0071
0.0061
0.0033
0.0016
0.0021
0.0034
0.0017
0.0029
0.0028
0.0036
0.0016
0.0031
0.0012
0.0031
0.0038
0.0025
0.0030
0.0021
0.0020
0.0022
0.0033
0.0015
0.0079
0.0060
0.0077
0.0089
0.0064
3.2544
0.0070
0.0069
0.0076
0.0085
0.0063
0.0079
0.0075
3.2592
0.0097
0.0101
0.0091
0.0082
0.0087
0.0096
0.0025
0.0013
0.0027
0.0055
0.0031
0.0037
0.0023
0.0045
0.0049
0.0019
0.0023
0.0026
0.0031
0.0029
0.0017
0.0033
0.0032
0.0024
0.0010
0.0033
0.0020
0.0023
0.0028
0.0026
0.0040
0.0020
0.0037
0.0020
0.0037
0.0016
0.0017
0.0028
0.0025
0.0033
0.0025
0.0028
0.0025
0.0020
0.0037
0.0032
0.0036
0.0032
2.7220
0.0032
0.0055
0.0021
0.0028
0.0017
0.0031
0.0036
2.7322
0.0022
0.0034
0.0036
0.0022
0.0032
0.0022
0.0030
0.0034
0.0013
0.0045
0.0035
0.0017
0.0019
0.0026
0.0050
0.0026
0.0023
0.0021
0.0026
0.0034
0.0040
0.0019
0.0031
0.0021
0.0015
0.0033
0.0034
0.0025
0.0022
0.0019
2.5571
0.0037
0.0034
0.0057
2.5612
0.0030
0.0034
2.5609
2.5602
0.0050
2.5617
2.5644
0.0027
2.5657
0.0031
2.5649
0.0027
0.0024
0.0039
0.0031
0.0025
0.0034
0.0022
0.0038
0.0024
0.0031
0.0035
0.0012
0.0026
0.0025
0.0040
0.0024
0.0032
0.0012
0.0050
0.0010
0.0039
0.0034
0.0043
0.0019
0.0051
0.0046
0.0008
0.0018
0.0025
0.0012
0.0023
0.0032
0.0014
0.0025
0.0047
0.0028
0.0027
0.0029
0.0041
0.0025
0.0031
0.0028
0.0020
0.0011
0.0019
0.0033
0.0042
0.0061
0.0031
0.0013
0.0020
0.0030
0.0060
0.0031
0.0027
0.0020
0.0040
0.0032
0.0033
0.0031
0.0007
0.0030
0.0033
4.2556
1.0752
0.0080
4.2560
0.0079
0.0089
1.0717
4.2555
4.6166
1.0754
0.0079
0.0075
0.0078
0.0076
0.0074
0.0088
4.1456
0.0044
4.1323
0.0016
0.0043
0.0028
0.0020
0.0048
0.0052
0.0056
0.0045
0.0056
0.0011
0.0051
3.3719
0.0040
0.0027
0.0045
1.6214
0.0018
0.0041
0.0033
0.0033
2.9053
0.0041
0.0023
0.0036
0.0044
0.0029
0.0029
0.0017
0.0035
0.0032
0.0032
0.0050
0.0029
0.0028
0.0028
0.0053
0.0031
0.0029
0.0028
0.0016
0.0015
3.5597
0.0027
3.5576
0.0030
3.5596
0.0037
0.0038
3.5613
0.0031
0.0021
0.0033
0.0023
0.0034
0.0028
0.0028
0.0026
0.0013
0.0026
0.0030
0.0048
0.0035
0.0024
0.0031
0.0035
0.0015
0.0031
0.0030
0.0014
0.0020
0.0015
0.0026
2.8465
0.0027
0.0026
0.0032
0.0019
0.0030
0.0021
0.0038
0.0016
0.0023
0.0028
0.0035
0.0039
0.0034
0.0031
0.0024
0.0022
0.0024
0.0029
0.0024
0.0265
0.0222
1.2488
0.0274
0.0303
3.6866
3.1475
2.9394
0.0281
4.0888
4.9428
0.0186
0.0329
0.0283
0.0265
0.0106
2.8599
3.9914
2.1198
1.2021
0.0116
0.0146
0.0134
0.0115
4.1013
3.3444
1.2097
1.2138
0.6544
1.2129
3.2856
1.2099
0.0229
3.0684
0.0206
0.0226
0.0178
4.3020
1.8646
1.7965
4.4710
0.0248
1.7202
3.8278
1.1890
0.0217
2.3278
4.4496
4.6510
2.9795
0.0210
1.8034
3.8673
5.1506
0.0056
0.0174
5.8490
4.7406
2.2408
1.2992
4.0090
0.0092
0.0091
0.0108
0.0132
4.2186
0.0107
0.0096
2.2294
0.0130
0.0186
4.2100
3.6964
4.2362
0.0167
4.2234
2.2509
3.2791
4.2417
5.6659
5.3408
0.0206
0.0135
0.4972
0.0132
1.0796
0.4939
1.0725
0.0171
0.0115
0.0243
2.1073
0.0159
0.0103
1.0850
2.0702
0.4972
0.0125
0.0113
0.0104
2.3283
0.0132
0.0088
4.9990
0.0165
0.0112
0.0111
0.0096
0.0142
4.5739
1.8731
0.0090
0.0124
0.0116
0.0102
0.0106
3.6536
0.0110
0.0151
6.7422
1.5383
4.1664
0.0138
0.0126
3.6523
0.0123
0.0108
3.2961
2.0454
2.4411
2.7528
0.0107
2.4012
3.2917
0.0096
0.0113
3.3191
0.0117
2.4388
0.0084
0.0098
0.0124
0.0175
2.5438
0.0098
1.6003
5.1299
0.0139
3.6471
1.6119
3.6114
4.8267
4.4128
0.0181
2.9965
0.0142
4.1348
3.0086
4.5738
0.0121
0.0173
3.1776
3.4322
0.0212
0.0177
1.3824
0.0127
4.5353
3.6663
0.0140
4.0599
1.1128
0.9321
0.9351
3.1562
0.9329
3.2160
0.0104
0.0112
0.0124
2.7753
0.0090
0.0116
0.0143
0.0171
0.0116
0.0160
0.0114
4.4694
0.0113
0.0129
0.0122
0.0160
0.0151
0.0143
0.0158
0.0216
0.0189
0.0161
0.0156
0.0134
0.0190
0.0159
1.3392
0.0145
0.0124
2.9510
0.0153
0.0122
1.3380
0.0152
1.3390
0.0105
0.0119
0.0122
0.0078
0.0115
2.3499
0.0152
0.0140
0.0105
0.0136
2.2923
0.0138
2.2801
0.0160
0.0098
2.3056
0.0146
0.0107
0.0116
2.2765
0.0089
0.0138
1.2636
3.7807
0.9887
0.0086
3.9323
4.2485
0.0125
0.0115
3.4267
1.6769
0.0084
0.0133
0.0150
1.0833
0.9868
0.0109
1.0738
0.0107
2.1389
3.8603
1.7612
2.0319
4.9529
3.8853
2.5528
2.5846
2.0264
3.8654
2.8809
0.0140
6.0085
1.3946
3.6859
0.0157
4.9087
1.8333
0.0165
0.0166
1.4076
3.5756
4.1460
1.3084
0.0151
0.0124
3.6939
3.7257
0.0097
0.0170
0.0146
0.0118
0.0182
5.4004
0.0081
2.6847
3.2290
3.3952
4.8286
0.0094
0.0123
2.7302
2.7631
3.9728
2.7495
2.9573
0.0135
0.0070
0.0130
0.0066
2.7059
4.8244
3.2089
1.4853
2.3242
4.2674
2.3766
2.5914
5.9486
0.0123
4.6145
1.3221
0.0093
2.3893
0.0208
0.0286
5.0951
2.6527
0.0235
0.0265
1.6044
0.0230
0.0248
0.0234
0.0261
2.3281
1.6158
1.5865
1.6266
0.0227
0.0283
0.0246
3.6800
0.0284
3.8087
0.0129
6.7003
3.4825
0.0082
3.4822
3.5113
3.8244
0.0102
0.0124
0.0145
0.0172
0.0097
3.8066
0.0120
0.0089
0.0121
0.0130
3.5046
8.7762
7.5331
6.4000
9.3803
10.3339
3.1999
9.8350
9.0981
7.1341
7.6086
2.9908
6.7322
6.4380
8.6588
4.9801
6.9231
3.9559
7.9057
6.5242
6.4934
2.5035
8.1508
8.0496
7.6867
5.3323
6.1454
5.3149
8.0363
6.5965
5.1209
10.2440
6.1584
4.8390
7.7650
11.3248
5.2553
6.3424
8.0151
9.0919
10.7251
10.6595
10.0681
12.7607
7.3621
7.5582
8.1706
10.6529
12.1953
2.5828
5.4473
8.8284
4.7211
13.7529
5.1037
2.9900
4.2640
6.4338
8.2546
7.5562
7.5928
5.6473
0.0070
3.2434
0.0079
4.2640
0.0076
0.0066
1.5858
0.0079
2.3656
3.2641
3.1958
3.2257
2.3587
2.3968
0.0074
0.0075
0.0089
0.0046
0.0093
0.0084
0.0067
0.0078
0.0063
0.0084
0.0065
0.0085
0.0079
0.0067
0.0071
0.0066
0.0175
0.0164
3.7022
0.0197
0.0151
0.0188
0.0200
0.0077
0.0063
0.0067
0.0089
0.0081
0.0083
0.0074
0.0084
0.0086
0.0081
0.0075
0.0088
1.6233
0.0062
0.0066
0.0078
0.0057
0.0082
0.0084
0.0083
0.0080
0.0066
0.0071
0.0083
0.0076
0.0087
2.7371
0.0091
3.0033
0.0088
0.0068
0.0061
0.0053
0.0061
0.0066
0.0068
0.0058
0.0231
0.0258
0.0309
0.0226
3.9771
0.0200
0.0267
0.0223
4.7274
0.0187
0.0211
0.0422
3.7028
0.0260
4.2645
0.0206
6.0996
0.0343
0.0182
