0.0022 0.0006
0.0022 0.0006
0.0022 0.0006
0.0022 0.0006
0.0022 0.0006
0.0022 0.0006
0.0022 0.0006
0.0022 0.0006
0.0022 0.0006
0.0022 0.0006
0.0022 0.0006
0.0022 0.0006
0.0022 0.0006
0.0022 0.0006
0.0022 0.0006
0.0022 0.0006
0.0022 0.0006
0.0022 0.0006
0.0022 0.0006
0.0022 0.0006
0.0013 0.0015
0.0013 0.0015
0.0013 0.0015
0.0013 0.0015
0.0013 0.0015
0.0013 0.0015
0.0013 0.0015
0.0013 0.0015
0.0013 0.0015
0.0013 0.0015
0.0013 0.0015
0.0013 0.0015
0.0013 0.0015
0.0013 0.0015
0.0013 0.0015
0.0013 0.0015
0.0013 0.0015
0.0013 0.0015
0.0013 0.0015
0.0013 0.0015
0.0025 0.0047
3.3291 0.0031
0.0025 0.0047
3.3291 0.0031
3.3291 0.0031
3.3291 0.0031
3.3291 0.0031
0.0025 0.0047
3.3291 0.0031
0.0025 0.0047
3.3291 0.0031
0.0025 0.0047
3.3291 0.0031
0.0025 0.0047
0.0025 0.0047
3.3291 0.0031
3.3291 0.0031
3.3291 0.0031
3.3291 0.0031
3.3291 0.0031
0.0028 0.0134
0.0028 0.0134
3.3669 0.0009
0.0028 0.0134
3.3669 0.0009
3.3669 0.0009
0.0028 0.0134
3.3669 0.0009
0.0028 0.0134
3.3669 0.0009
0.0028 0.0134
3.3669 0.0009
3.3669 0.0009
0.0028 0.0134
3.3669 0.0009
0.0028 0.0134
3.3669 0.0009
3.3669 0.0009
0.0028 0.0134
3.3669 0.0009
0.0046 0.0365
0.0046 0.0365
0.0046 0.0365
0.0046 0.0365
0.0046 0.0365
0.0046 0.0365
0.0046 0.0365
0.0046 0.0365
0.0046 0.0365
0.0046 0.0365
0.0046 0.0365
0.0046 0.0365
0.0046 0.0365
0.0046 0.0365
0.0046 0.0365
0.0046 0.0365
0.0046 0.0365
0.0046 0.0365
0.0046 0.0365
0.0046 0.0365
0.0024 0.0080
0.0024 0.0080
0.0024 0.0080
0.0024 0.0080
0.0024 0.0080
0.0024 0.0080
0.0024 0.0080
0.0024 0.0080
0.0024 0.0080
0.0024 0.0080
0.0024 0.0080
0.0024 0.0080
0.0024 0.0080
0.0024 0.0080
0.0024 0.0080
0.0024 0.0080
0.0024 0.0080
0.0024 0.0080
0.0024 0.0080
0.0024 0.0080
0.0040 0.0341
0.0040 0.0341
0.0040 0.0341
0.0040 0.0341
0.0040 0.0341
0.0040 0.0341
0.0040 0.0341
0.0040 0.0341
0.0040 0.0341
0.0040 0.0341
0.0040 0.0341
0.0040 0.0341
0.0040 0.0341
0.0040 0.0341
0.0040 0.0341
0.0040 0.0341
0.0040 0.0341
0.0040 0.0341
0.0040 0.0341
0.0040 0.0341
0.0018 0.0119
0.0018 0.0119
0.0018 0.0119
0.0018 0.0119
0.0018 0.0119
0.0018 0.0119
0.0018 0.0119
0.0018 0.0119
0.0018 0.0119
0.0018 0.0119
0.0018 0.0119
0.0018 0.0119
0.0018 0.0119
0.0018 0.0119
0.0018 0.0119
0.0018 0.0119
0.0018 0.0119
0.0018 0.0119
0.0018 0.0119
0.0018 0.0119
0.0034 0.0104
0.0034 0.0104
0.0034 0.0104
0.0034 0.0104
0.0034 0.0104
0.0034 0.0104
0.0034 0.0104
0.0034 0.0104
0.0034 0.0104
0.0034 0.0104
0.0034 0.0104
0.0034 0.0104
0.0034 0.0104
0.0034 0.0104
0.0034 0.0104
0.0034 0.0104
0.0034 0.0104
0.0034 0.0104
0.0034 0.0104
0.0034 0.0104
0.0044 0.0300
0.0044 0.0300
0.0044 0.0300
0.0044 0.0300
0.0044 0.0300
0.0044 0.0300
0.0044 0.0300
0.0044 0.0300
0.0044 0.0300
0.0044 0.0300
0.0044 0.0300
0.0044 0.0300
0.0044 0.0300
0.0044 0.0300
0.0044 0.0300
0.0044 0.0300
0.0044 0.0300
0.0044 0.0300
0.0044 0.0300
0.0044 0.0300
0.0024 0.0056
0.0024 0.0056
0.0024 0.0056
0.0024 0.0056
0.0024 0.0056
0.0024 0.0056
0.0024 0.0056
0.0024 0.0056
0.0024 0.0056
0.0024 0.0056
0.0010 0.0247
0.0010 0.0247
0.0010 0.0247
0.0010 0.0247
0.0010 0.0247
0.0010 0.0247
0.0010 0.0247
0.0010 0.0247
0.0010 0.0247
0.0010 0.0247
1.6296 0.0043
1.6296 0.0043
1.6296 0.0043
0.0020 0.0034
1.6296 0.0043
0.0020 0.0034
1.6296 0.0043
0.0020 0.0034
0.0020 0.0034
0.0020 0.0034
0.0020 0.0093
0.0020 0.0093
0.0020 0.0093
0.0020 0.0093
0.0020 0.0093
0.0020 0.0093
0.0020 0.0093
0.0020 0.0093
0.0020 0.0093
0.0020 0.0093
0.0029 0.0003
0.0029 0.0003
0.0029 0.0003
0.0029 0.0003
0.0029 0.0003
0.0029 0.0003
0.0029 0.0003
0.0029 0.0003
0.0029 0.0003
0.0029 0.0003
0.0014 0.0135
0.0014 0.0135
0.0014 0.0135
0.0014 0.0135
0.0014 0.0135
0.0014 0.0135
0.0014 0.0135
0.0014 0.0135
0.0014 0.0135
0.0014 0.0135
0.0021 0.0101
0.0021 0.0101
0.0021 0.0101
0.0021 0.0101
0.0021 0.0101
0.0021 0.0101
0.0021 0.0101
0.0021 0.0101
0.0021 0.0101
0.0021 0.0101
0.0033 0.0081
0.0033 0.0081
0.0033 0.0081
0.0033 0.0081
0.0033 0.0081
0.0033 0.0081
0.0033 0.0081
0.0033 0.0081
0.0033 0.0081
0.0033 0.0081
0.6877 0.0097
0.6877 0.0097
0.6877 0.0097
0.6877 0.0097
0.6877 0.0097
0.6877 0.0097
0.6877 0.0097
0.6877 0.0097
0.6877 0.0097
0.6877 0.0097
3.1025 0.1239
0.0013 0.0009
0.0013 0.0009
0.0013 0.0009
0.0013 0.0009
0.0013 0.0009
0.0013 0.0009
0.0013 0.0009
0.0013 0.0009
3.1025 0.1239
