2.2787 0.0063 0.0014 0.0674 0.0015
2.2787 0.0063 0.0014 0.0674 0.0015
2.2787 0.0063 0.0014 0.0674 0.0015
2.2787 0.0063 0.0014 0.0674 0.0015
2.2787 0.0063 0.0014 0.0674 0.0015
2.2787 0.0063 0.0014 0.0674 0.0015
2.2787 0.0063 0.0014 0.0674 0.0015
2.2787 0.0063 0.0014 0.0674 0.0015
2.2787 0.0063 0.0014 0.0674 0.0015
2.2787 0.0063 0.0014 0.0674 0.0015
2.3449 0.0054 0.0177 0.1286 0.0180
2.3449 0.0054 0.0177 0.1286 0.0180
2.3449 0.0054 0.0177 0.1286 0.0180
2.3449 0.0054 0.0177 0.1286 0.0180
2.3449 0.0054 0.0177 0.1286 0.0180
2.3449 0.0054 0.0177 0.1286 0.0180
2.3449 0.0054 0.0177 0.1286 0.0180
2.3449 0.0054 0.0177 0.1286 0.0180
2.3449 0.0054 0.0177 0.1286 0.0180
2.3449 0.0054 0.0177 0.1286 0.0180
1.2554 0.0053 0.0505 0.0013 0.0506
1.2554 0.0053 0.0505 0.0013 0.0506
1.2554 0.0053 0.0505 0.0013 0.0506
1.2554 0.0053 0.0505 0.0013 0.0506
1.2554 0.0053 0.0505 0.0013 0.0506
1.2554 0.0053 0.0505 0.0013 0.0506
1.2554 0.0053 0.0505 0.0013 0.0506
1.2554 0.0053 0.0505 0.0013 0.0506
1.2554 0.0053 0.0505 0.0013 0.0506
1.2554 0.0053 0.0505 0.0013 0.0506
11.1285 2.4179 0.0066 0.0319 0.0381
11.1285 2.4179 0.0066 0.0319 0.0381
11.1285 2.4179 0.0066 0.0319 0.0381
11.1285 2.4179 0.0066 0.0319 0.0381
11.1285 2.4179 0.0066 0.0319 0.0381
11.1285 2.4179 0.0066 0.0319 0.0381
11.1285 2.4179 0.0066 0.0319 0.0381
11.1285 2.4179 0.0066 0.0319 0.0381
11.1285 2.4179 0.0066 0.0319 0.0381
11.1285 2.4179 0.0066 0.0319 0.0381
1.9432 0.0037 0.0028 0.2117 0.0029
1.9432 0.0037 0.0028 0.2117 0.0029
1.9432 0.0037 0.0028 0.2117 0.0029
1.9432 0.0037 0.0028 0.2117 0.0029
1.9432 0.0037 0.0028 0.2117 0.0029
1.9432 0.0037 0.0028 0.2117 0.0029
1.9432 0.0037 0.0028 0.2117 0.0029
1.9432 0.0037 0.0028 0.2117 0.0029
1.9432 0.0037 0.0028 0.2117 0.0029
1.9432 0.0037 0.0028 0.2117 0.0029
9.4400 0.0096 0.0079 0.1537 0.0078
9.4407 0.0096 0.0079 0.1537 0.0078
9.4390 0.0096 0.0079 0.1537 0.0078
9.4458 0.0096 0.0079 0.1537 0.0078
9.4455 0.0096 0.0079 0.1537 0.0078
9.4413 0.0096 0.0079 0.1537 0.0078
9.4457 0.0096 0.0079 0.1537 0.0078
9.4455 0.0096 0.0079 0.1537 0.0078
9.4378 0.0096 0.0079 0.1537 0.0078
9.4457 0.0096 0.0079 0.1537 0.0078
2.2614 0.0021 0.0000 0.6948 0.0000
2.3032 0.0021 0.0000 1.0073 0.0000
2.1802 0.0021 0.0000 0.0004 0.0000
2.0893 0.0021 0.0000 0.0595 0.0000
2.1047 0.0021 0.0000 0.0124 0.0000
2.5111 0.0021 0.0000 2.4691 0.0000
2.2394 0.0021 0.0000 0.0222 0.0000
2.2493 0.0021 0.0000 0.0003 0.0000
2.2883 0.0021 0.0000 0.8868 0.0000
2.2515 0.0021 0.0000 0.1420 0.0000
12.3490 0.0083 0.0226 0.0188 0.0224
10.7354 0.0083 0.0226 0.0069 0.0224
12.3573 0.0083 0.0226 0.0042 0.0224
11.9522 0.0083 0.0226 0.0350 0.0224
10.6229 0.0083 0.0226 0.0234 0.0224
10.5684 0.0083 0.0226 0.0624 0.0224
10.7608 0.0083 0.0226 0.0009 0.0224
10.8547 0.0083 0.0226 0.0088 0.0224
10.5828 0.0083 0.0226 0.2833 0.0224
12.2894 0.0083 0.0226 0.0250 0.0224
3.2061 0.0050 0.0054 0.7601 0.0052
3.2061 0.0050 0.0054 0.7601 0.0052
3.2061 0.0050 0.0054 0.7601 0.0052
3.2061 0.0050 0.0054 0.7601 0.0052
3.2061 0.0050 0.0054 0.7601 0.0052
3.2061 0.0050 0.0054 0.7601 0.0052
3.2061 0.0050 0.0054 0.7601 0.0052
3.2061 0.0050 0.0054 0.7601 0.0052
3.2061 0.0050 0.0054 0.7601 0.0052
3.2061 0.0050 0.0054 0.7601 0.0052
10.5396 0.0059 0.0108 1.8956 0.0111
10.5396 0.0059 0.0108 1.8956 0.0111
10.5396 0.0059 0.0108 1.8956 0.0111
10.5396 0.0059 0.0108 1.8956 0.0111
10.5396 0.0059 0.0108 1.8956 0.0111
10.5396 0.0059 0.0108 1.8956 0.0111
10.5396 0.0059 0.0108 1.8956 0.0111
10.5396 0.0059 0.0108 1.8956 0.0111
10.5396 0.0059 0.0108 1.8956 0.0111
10.5396 0.0059 0.0108 1.8956 0.0111
15.3293 0.0066 0.0147 0.0375 0.0146
15.3293 0.0066 0.0147 0.0375 0.0146
15.3293 0.0066 0.0147 0.0375 0.0146
15.3293 0.0066 0.0147 0.0375 0.0146
15.3293 0.0066 0.0147 0.0375 0.0146
15.3293 0.0066 0.0147 0.0375 0.0146
15.3293 0.0066 0.0147 0.0375 0.0146
15.3293 0.0066 0.0147 0.0375 0.0146
15.3293 0.0066 0.0147 0.0375 0.0146
15.3293 0.0066 0.0147 0.0375 0.0146
0.8182 0.0062 0.0193 0.0001 0.0193
0.8182 0.0062 0.0193 0.0001 0.0193
0.8182 0.0062 0.0193 0.0001 0.0193
0.8182 0.0062 0.0193 0.0001 0.0193
0.8182 0.0062 0.0193 0.0001 0.0193
0.8182 0.0062 0.0193 0.0001 0.0193
0.8182 0.0062 0.0193 0.0001 0.0193
0.8182 0.0062 0.0193 0.0001 0.0193
0.8182 0.0062 0.0193 0.0001 0.0193
0.8182 0.0062 0.0193 0.0001 0.0193
1.1970 0.0105 0.0034 0.0058 0.0034
1.1970 0.0105 0.0034 0.0058 0.0034
1.1970 0.0105 0.0034 0.0058 0.0034
1.1970 0.0105 0.0034 0.0058 0.0034
1.1970 0.0105 0.0034 0.0058 0.0034
1.1970 0.0105 0.0034 0.0058 0.0034
1.1970 0.0105 0.0034 0.0058 0.0034
1.1970 0.0105 0.0034 0.0058 0.0034
1.1970 0.0105 0.0034 0.0058 0.0034
1.1970 0.0105 0.0034 0.0058 0.0034
4.1773 0.0022 0.0021 0.0190 0.0020
4.1773 0.0022 0.0021 0.0190 0.0020
4.1773 0.0022 0.0021 0.0190 0.0020
4.1773 0.0022 0.0021 0.0190 0.0020
4.1773 0.0022 0.0021 0.0190 0.0020
4.1773 0.0022 0.0021 0.0190 0.0020
4.1773 0.0022 0.0021 0.0190 0.0020
4.1773 0.0022 0.0021 0.0190 0.0020
4.1773 0.0022 0.0021 0.0190 0.0020
4.1773 0.0022 0.0021 0.0190 0.0020
3.5297 0.0092 0.0006 0.0035 0.0007
4.1421 0.0092 0.0006 0.0090 0.0007
3.9482 0.0092 0.0006 0.0035 0.0007
2.9569 0.0092 0.0006 0.2617 0.0007
2.5215 0.0092 0.0006 0.0245 0.0007
2.9440 0.0092 0.0006 0.0241 0.0007
3.2453 0.0092 0.0006 0.0027 0.0007
2.3617 0.0092 0.0006 0.0780 0.0007
6.5895 4.2527 0.0006 0.0006 0.0068
4.1280 0.0092 0.0006 0.1467 0.0007
55.5004 3.5831 0.0062 3.6031 0.5997
55.5004 3.5831 0.0062 3.6031 0.5997
55.5004 3.5831 0.0062 3.6031 0.5997
55.5004 3.5831 0.0062 3.6031 0.5997
55.5004 3.5831 0.0062 3.6031 0.5997
55.5004 3.5831 0.0062 3.6031 0.5997
55.5004 3.5831 0.0062 3.6031 0.5997
55.5004 3.5831 0.0062 3.6031 0.5997
55.5004 3.5831 0.0062 3.6031 0.5997
55.5004 3.5831 0.0062 3.6031 0.5997
13.9132 2.9062 0.0142 0.3358 0.0672
13.9132 2.9062 0.0142 0.3358 0.0672
13.9132 2.9062 0.0142 0.3358 0.0672
13.9132 2.9062 0.0142 0.3358 0.0672
13.9132 2.9062 0.0142 0.3358 0.0672
13.9132 2.9062 0.0142 0.3358 0.0672
13.9132 2.9062 0.0142 0.3358 0.0672
13.9132 2.9062 0.0142 0.3358 0.0672
13.9132 2.9062 0.0142 0.3358 0.0672
13.9132 2.9062 0.0142 0.3358 0.0672
36.1476 0.0094 0.0055 0.8609 0.0054
36.2554 0.0094 0.0055 5.8916 0.0054
36.2554 0.0094 0.0055 5.8916 0.0054
36.2554 0.0094 0.0055 5.8916 0.0054
36.2554 0.0094 0.0055 5.8916 0.0054
36.2554 0.0094 0.0055 5.8916 0.0054
36.2554 0.0094 0.0055 5.8916 0.0054
36.1476 0.0094 0.0055 0.8609 0.0054
36.2554 0.0094 0.0055 5.8916 0.0054
36.2554 0.0094 0.0055 5.8916 0.0054
4.3943 0.0036 0.0064 0.0177 0.0065
4.3943 0.0036 0.0064 0.0177 0.0065
4.3943 0.0036 0.0064 0.0177 0.0065
4.3943 0.0036 0.0064 0.0177 0.0065
4.3943 0.0036 0.0064 0.0177 0.0065
4.3943 0.0036 0.0064 0.0177 0.0065
4.3943 0.0036 0.0064 0.0177 0.0065
4.3943 0.0036 0.0064 0.0177 0.0065
4.3943 0.0036 0.0064 0.0177 0.0065
4.3943 0.0036 0.0064 0.0177 0.0065
1.7730 0.0076 0.0164 0.0076 0.0167
1.7730 0.0076 0.0164 0.0076 0.0167
1.7730 0.0076 0.0164 0.0076 0.0167
1.7730 0.0076 0.0164 0.0076 0.0167
1.7730 0.0076 0.0164 0.0076 0.0167
1.7730 0.0076 0.0164 0.0076 0.0167
1.7730 0.0076 0.0164 0.0076 0.0167
1.7730 0.0076 0.0164 0.0076 0.0167
1.7730 0.0076 0.0164 0.0076 0.0167
1.7730 0.0076 0.0164 0.0076 0.0167
