72.1391 11.6593 0.0043 0.8993 0.0026
73.3816 9.5535 0.0043 0.0068 0.0051
71.0072 10.2723 0.0043 0.0137 0.0051
69.2408 9.7045 0.0043 2.6062 0.0073
72.3577 12.0366 0.0043 0.3955 0.0013
74.3605 9.6295 0.0043 0.7837 0.0003
71.6184 9.5848 0.0043 0.2623 0.0003
73.7073 10.6081 0.0043 0.1415 0.0012
71.5303 4.6291 0.0043 1.4033 0.0026
71.2437 10.5625 0.0043 4.0347 0.0028
31.1767 8.5454 0.0000 4.2434 0.0032
31.1767 8.5454 0.0000 4.2434 0.0032
31.1767 8.5454 0.0000 4.2434 0.0032
31.1767 8.5454 0.0000 4.2434 0.0032
31.1767 8.5454 0.0000 4.2434 0.0032
31.1767 8.5454 0.0000 4.2434 0.0032
31.1767 8.5454 0.0000 4.2434 0.0032
31.1767 8.5454 0.0000 4.2434 0.0032
31.1767 8.5454 0.0000 4.2434 0.0032
31.1767 8.5454 0.0000 4.2434 0.0032
42.6376 9.6154 0.0001 0.3229 0.0011
42.6377 9.6154 0.0001 0.3229 0.0011
42.6376 9.6154 0.0001 0.3229 0.0011
42.6376 9.6154 0.0001 0.3229 0.0011
42.6376 9.6154 0.0001 0.3229 0.0011
42.6376 9.6154 0.0001 0.3229 0.0011
42.6376 9.6154 0.0001 0.3229 0.0011
42.6376 9.6154 0.0001 0.3229 0.0011
42.6376 9.6154 0.0001 0.3229 0.0011
42.6376 9.6154 0.0001 0.3229 0.0011
22.5737 6.3937 0.0001 0.3910 0.0020
22.3269 8.4427 0.0001 0.3689 0.0953
21.4643 7.7864 0.0001 0.0817 0.0312
22.1663 5.1273 0.0001 0.0018 0.0015
21.8385 6.1631 0.0001 0.2771 0.0394
22.1494 7.5131 0.0001 0.3192 0.0837
20.9302 1.7798 0.0001 0.0171 0.0001
22.1396 2.8794 0.0001 0.3156 0.0023
22.4265 9.9631 0.0001 0.3594 0.0971
23.4076 12.0462 0.0000 0.0040 0.0023
23.1064 8.7935 0.0000 0.0731 0.0038
23.1491 10.5356 0.0000 0.0149 0.0156
23.1014 10.2913 0.0000 0.0595 0.0029
23.1704 6.9236 0.0000 0.0006 0.0004
22.9266 9.8328 0.0000 0.0124 0.0046
23.3326 8.2922 0.0000 0.1090 0.0054
15.2903 6.0866 0.0076 0.0256 0.0082
15.3838 8.6446 0.0076 0.0044 0.0398
15.3359 5.9743 0.0076 0.0002 0.0374
15.6532 1.5860 0.0076 0.0007 0.0084
15.8347 5.7965 0.0076 0.0610 0.0098
14.9780 7.8153 0.0076 0.0009 0.0120
15.4266 5.4355 0.0076 0.1726 0.0096
15.3617 5.2922 0.0076 0.0303 0.0010
15.4231 1.5860 0.0076 0.0036 0.0084
15.3144 7.5730 0.0076 0.0002 0.0001
39.4397 10.7653 0.0056 0.0431 0.0235
38.7766 7.3005 0.0056 0.0431 0.0050
39.0705 9.4042 0.0056 0.0431 0.0000
38.9230 7.9843 0.0056 0.0431 0.0001
39.1166 8.9058 0.0056 0.0431 0.0002
38.9887 10.1993 0.0056 0.0431 0.0319
38.7832 3.9023 0.0056 0.0431 0.0443
38.8309 8.9884 0.0056 0.0431 0.0104
39.0374 9.5303 0.0056 0.0431 0.0000
38.6859 9.9121 0.0056 0.0431 0.0006
21.2863 6.0102 0.0065 0.1036 0.0030
21.1431 6.5855 0.0065 0.1033 0.0001
19.7476 7.7287 0.0065 0.1267 0.0009
21.2931 4.4590 0.0065 0.0958 0.0049
21.3228 6.1938 0.0065 0.0818 0.0020
21.2578 6.9171 0.0065 0.0524 0.0004
20.2828 6.7775 0.0065 0.1099 0.0057
21.7557 7.8114 0.0065 1.2946 0.0000
21.3305 7.3766 0.0065 0.0481 0.0000
19.8022 8.7778 0.0065 0.1113 0.0004
80.3105 13.4489 0.0000 0.0083 0.9681
79.8803 11.7840 0.0000 1.0348 0.0096
79.6837 6.9538 0.0000 0.0393 0.0001
80.3444 7.4466 0.0000 0.0105 0.0045
80.5510 4.8856 0.0000 0.6332 0.0005
79.3351 4.1976 0.0000 0.3954 0.0003
80.3754 8.3691 0.0000 0.0131 0.0083
78.9737 10.3977 0.0000 0.2869 0.0000
32.8714 8.6492 0.0111 0.0000 0.0018
32.6865 9.4875 0.0111 0.0118 0.0397
32.7867 5.8638 0.0111 0.0118 0.0115
32.7746 8.1938 0.0111 0.0118 0.0035
32.7136 7.3135 0.0111 0.0118 0.0384
32.7266 12.6005 0.0111 0.0118 0.0242
32.6846 8.2963 0.0111 0.0118 0.0033
32.5591 6.2228 0.0111 0.0118 0.0127
32.6536 1.9538 0.0111 0.0118 0.0122
32.7584 7.3958 0.0111 0.0118 0.0121
26.4629 7.2936 0.0009 1.6395 0.0075
26.4596 6.3542 0.0009 1.6344 0.0006
26.4586 10.2228 0.0009 1.6328 0.0099
26.4590 5.3220 0.0009 1.6335 0.0000
26.4683 7.2936 0.0009 1.6480 0.0075
26.4599 6.3542 0.0009 1.6348 0.0006
26.4701 10.7681 0.0009 1.6510 0.2694
26.4597 6.3542 0.0009 1.6345 0.0006
26.4582 9.5671 0.0009 1.6322 0.0203
26.4586 9.5671 0.0009 1.6328 0.0203
27.3349 13.5401 0.0004 2.0774 0.1071
28.3370 15.5639 0.0004 2.0405 0.0094
27.6953 7.1892 0.0004 2.0774 0.0023
27.6532 6.4055 0.0004 1.3171 0.0023
28.3899 14.3089 0.0004 0.8451 0.0013
28.1133 12.2338 0.0004 1.3032 0.0011
28.3545 16.8180 0.0004 1.8163 0.0188
28.5702 15.8803 0.0004 1.8095 0.0000
27.8873 9.1920 0.0004 2.0774 0.0015
28.6367 12.9174 0.0004 2.0354 0.0007
40.3393 10.5791 0.0001 11.3695 0.0006
38.1098 5.0737 0.0001 3.1069 0.0001
39.8039 10.9841 0.0001 0.5718 0.0204
41.1388 8.6670 0.0001 0.2200 0.0063
40.7022 11.0115 0.0001 0.3310 0.0043
40.3437 11.0391 0.0001 0.3811 0.0143
39.9936 8.3125 0.0001 0.3315 0.0032
39.2027 8.6951 0.0001 0.0181 0.0001
41.2253 11.2538 0.0001 0.2285 0.0094
18.0148 8.2849 0.0037 0.0269 0.0345
16.5081 7.3081 0.0037 0.0078 0.0293
17.4341 8.4497 0.0037 0.1125 0.0038
17.6015 8.2850 0.0037 0.0495 0.0345
16.9738 8.0804 0.0037 0.0434 0.0006
17.5788 7.8736 0.0037 0.0337 0.0002
17.7633 8.6964 0.0037 0.0066 0.0414
18.3456 8.6965 0.0037 0.0644 0.0414
85.0208 11.3613 0.0061 0.0696 0.0019
84.0643 8.2269 0.0061 5.5036 0.0032
84.7813 8.7173 0.0061 4.8572 0.0106
82.4205 11.2414 0.0061 0.0073 0.2331
84.8612 9.1298 0.0061 0.1102 0.0080
82.2546 9.7093 0.0061 19.1911 0.0034
81.7358 9.4216 0.0061 20.4800 0.0351
83.6304 9.6968 0.0061 0.0032 0.0332
84.4950 8.1854 0.0061 48.6595 0.0142
84.4802 8.6494 0.0061 0.0034 0.0242
17.2924 6.7881 0.0007 0.0020 0.0059
17.2862 6.7881 0.0007 0.0020 0.0059
17.2862 6.7881 0.0007 0.0020 0.0059
17.2090 3.9301 0.0007 0.0020 0.0004
17.2352 6.7901 0.0007 0.0020 0.0059
17.2862 6.7881 0.0007 0.0020 0.0059
17.3376 3.9312 0.0007 0.0020 0.0004
17.3634 5.0927 0.0007 0.0020 0.0017
17.2862 6.7881 0.0007 0.0020 0.0059
17.5384 7.0676 0.0007 0.0020 0.0060
61.7795 8.5549 0.0188 0.0223 0.1328
61.8618 12.7037 0.0188 0.0188 0.0002
62.4835 10.6718 0.0188 0.0223 0.0170
61.1862 12.6274 0.0188 0.0223 0.0015
61.5938 11.1128 0.0188 0.0223 0.0228
60.9412 13.0015 0.0188 0.0223 0.0001
61.5326 11.5543 0.0188 0.0223 0.0228
61.0757 11.6555 0.0188 0.0223 0.0045
61.3618 10.1875 0.0188 0.0032 0.0008
61.7761 8.5549 0.0188 0.0223 0.1328
16.7426 8.6380 0.0008 0.2143 0.0058
16.7199 7.9194 0.0008 0.5651 0.0034
16.3665 9.7429 0.0008 0.1194 0.0083
15.9096 1.3861 0.0008 0.5048 0.0003
16.2975 8.9543 0.0008 0.0237 0.0030
16.5183 8.9335 0.0008 0.0055 0.0071
15.9680 5.2383 0.0008 0.6517 0.0029
16.1408 7.4631 0.0008 0.0871 0.0000
15.9482 5.7860 0.0008 0.3417 0.0108
15.6511 3.1158 0.0008 0.0531 0.0059
23.8114 6.6892 0.0033 0.0017 0.0049
23.6862 5.9219 0.0033 0.0903 0.0041
23.6612 8.7932 0.0033 0.0955 0.0033
23.5501 8.6502 0.0033 0.0010 0.0319
23.7105 4.8110 0.0033 0.0120 0.0042
23.7038 9.4400 0.0033 0.0020 0.0095
23.7006 10.4485 0.0033 0.0012 0.0055
23.7053 6.9488 0.0033 0.0013 0.0124
23.7045 6.9488 0.0033 0.0012 0.0124
23.6962 7.9280 0.0033 0.0031 0.0052
