7.2803 3.2266 0.0027 0.2530 0.0031
7.2803 3.2266 0.0027 0.2530 0.0031
7.2803 3.2266 0.0027 0.2530 0.0031
7.2803 3.2266 0.0027 0.2530 0.0031
7.2803 3.2266 0.0027 0.2530 0.0031
7.2803 3.2266 0.0027 0.2530 0.0031
7.2803 3.2266 0.0027 0.2530 0.0031
7.2803 3.2266 0.0027 0.2530 0.0031
7.2803 3.2266 0.0027 0.2530 0.0031
7.2803 3.2266 0.0027 0.2530 0.0031
6.6118 0.0191 0.0026 1.1833 0.0029
6.6118 0.0191 0.0026 1.1833 0.0029
6.6118 0.0191 0.0026 1.1833 0.0029
6.6118 0.0191 0.0026 1.1833 0.0029
6.6118 0.0191 0.0026 1.1833 0.0029
6.6118 0.0191 0.0026 1.1833 0.0029
6.6118 0.0191 0.0026 1.1833 0.0029
6.6118 0.0191 0.0026 1.1833 0.0029
6.6118 0.0191 0.0026 1.1833 0.0029
6.6118 0.0191 0.0026 1.1833 0.0029
7.0925 4.6446 0.0054 0.1578 0.1485
7.0925 4.6446 0.0054 0.1578 0.1485
7.0925 4.6446 0.0054 0.1578 0.1485
7.0925 4.6446 0.0054 0.1578 0.1485
7.0925 4.6446 0.0054 0.1578 0.1485
7.0925 4.6446 0.0054 0.1578 0.1485
7.0925 4.6446 0.0054 0.1578 0.1485
7.0925 4.6446 0.0054 0.1578 0.1485
3.7058 0.0180 0.0091 0.0002 0.0087
3.7058 0.0180 0.0091 0.0002 0.0087
3.7058 0.0180 0.0091 0.0002 0.0087
3.7058 0.0180 0.0091 0.0002 0.0087
3.7058 0.0180 0.0091 0.0002 0.0087
3.7058 0.0180 0.0091 0.0002 0.0087
3.7058 0.0180 0.0091 0.0002 0.0087
3.7058 0.0180 0.0091 0.0002 0.0087
3.7058 0.0180 0.0091 0.0002 0.0087
3.7058 0.0180 0.0091 0.0002 0.0087
4.8275 0.0175 0.0080 0.2209 0.0081
4.6219 0.0175 0.0080 0.4453 0.0081
4.5257 0.0175 0.0080 0.1789 0.0081
4.5401 0.0175 0.0080 0.1879 0.0081
4.4628 0.0175 0.0080 0.1505 0.0081
4.5163 0.0175 0.0080 0.1734 0.0081
4.5551 1.7970 0.0080 0.1895 0.0258
4.5865 0.0175 0.0080 0.2430 0.0081
4.7530 0.0175 0.0080 0.1973 0.0081
4.5403 0.0175 0.0080 0.1881 0.0081
6.1856 0.0139 0.0016 0.0327 0.0016
6.1856 0.0139 0.0016 0.0327 0.0016
6.1856 0.0139 0.0016 0.0327 0.0016
6.1856 0.0139 0.0016 0.0327 0.0016
6.1856 0.0139 0.0016 0.0327 0.0016
6.1856 0.0139 0.0016 0.0327 0.0016
6.1856 0.0139 0.0016 0.0327 0.0016
6.1856 0.0139 0.0016 0.0327 0.0016
6.1856 0.0139 0.0016 0.0327 0.0016
6.1856 0.0139 0.0016 0.0327 0.0016
5.0609 1.7847 0.0343 0.0642 0.0390
5.1045 0.0214 0.0343 0.1263 0.0347
4.7151 0.0214 0.0343 0.0711 0.0347
5.2322 0.0214 0.0343 0.0449 0.0347
5.0574 0.0214 0.0343 0.0771 0.0347
5.2179 1.7847 0.0343 0.0112 0.0390
4.8299 0.0214 0.0343 0.1717 0.0347
4.8362 0.0214 0.0343 0.1524 0.0347
4.8163 0.0214 0.0343 0.1814 0.0347
4.7928 0.0214 0.0343 0.2417 0.0347
5.0952 0.0146 0.0252 2.2267 0.0236
5.0952 0.0146 0.0252 2.2267 0.0236
5.0952 0.0146 0.0252 2.2267 0.0236
5.0952 0.0146 0.0252 2.2267 0.0236
5.0952 0.0146 0.0252 2.2267 0.0236
5.0952 0.0146 0.0252 2.2267 0.0236
5.0952 0.0146 0.0252 2.2267 0.0236
5.0952 0.0146 0.0252 2.2267 0.0236
5.0952 0.0146 0.0252 2.2267 0.0236
5.0952 0.0146 0.0252 2.2267 0.0236
4.5755 0.0135 0.0002 0.0023 0.0002
4.5746 0.0135 0.0002 0.0023 0.0002
4.5754 0.0135 0.0002 0.0023 0.0002
4.5752 0.0135 0.0002 0.0023 0.0002
4.5755 0.0135 0.0002 0.0023 0.0002
4.5754 0.0135 0.0002 0.0023 0.0002
4.5754 0.0135 0.0002 0.0023 0.0002
4.5752 0.0135 0.0002 0.0023 0.0002
4.5753 0.0135 0.0002 0.0023 0.0002
4.5754 0.0135 0.0002 0.0023 0.0002
4.2797 0.0160 0.0003 1.4995 0.0003
4.2797 0.0160 0.0003 1.4995 0.0003
4.2797 0.0160 0.0003 1.4995 0.0003
4.2797 0.0160 0.0003 1.4995 0.0003
4.2797 0.0160 0.0003 1.4995 0.0003
4.2797 0.0160 0.0003 1.4995 0.0003
4.2797 0.0160 0.0003 1.4995 0.0003
4.2797 0.0160 0.0003 1.4995 0.0003
4.2797 0.0160 0.0003 1.4995 0.0003
4.2797 0.0160 0.0003 1.4995 0.0003
4.5228 0.0195 0.0059 0.0036 0.0054
4.5228 0.0195 0.0059 0.0036 0.0054
4.5228 0.0195 0.0059 0.0036 0.0054
4.5228 0.0195 0.0059 0.0036 0.0054
4.5228 0.0195 0.0059 0.0036 0.0054
4.5228 0.0195 0.0059 0.0036 0.0054
4.5228 0.0195 0.0059 0.0036 0.0054
4.5228 0.0195 0.0059 0.0036 0.0054
4.5228 0.0195 0.0059 0.0036 0.0054
4.5228 0.0195 0.0059 0.0036 0.0054
5.5040 0.0247 0.0001 0.0754 0.0001
5.5040 0.0247 0.0001 0.0754 0.0001
5.5040 0.0247 0.0001 0.0754 0.0001
5.5040 0.0247 0.0001 0.0754 0.0001
5.5040 0.0247 0.0001 0.0754 0.0001
5.5040 0.0247 0.0001 0.0754 0.0001
5.5040 0.0247 0.0001 0.0754 0.0001
5.5040 0.0247 0.0001 0.0754 0.0001
5.5040 0.0247 0.0001 0.0754 0.0001
5.5040 0.0247 0.0001 0.0754 0.0001
4.4169 0.0165 0.0227 0.8922 0.0220
4.4169 0.0165 0.0227 0.8922 0.0220
4.4169 0.0165 0.0227 0.8922 0.0220
4.4169 0.0165 0.0227 0.8922 0.0220
4.4169 0.0165 0.0227 0.8922 0.0220
4.4169 0.0165 0.0227 0.8922 0.0220
4.4169 0.0165 0.0227 0.8922 0.0220
4.4169 0.0165 0.0227 0.8922 0.0220
4.4169 0.0165 0.0227 0.8922 0.0220
4.4169 0.0165 0.0227 0.8922 0.0220
3.8329 2.4604 0.0000 0.3136 0.0831
3.8329 2.4604 0.0000 0.3136 0.0831
3.8329 2.4604 0.0000 0.3136 0.0831
3.8329 2.4604 0.0000 0.3136 0.0831
3.8329 2.4604 0.0000 0.3136 0.0831
3.8329 2.4604 0.0000 0.3136 0.0831
3.8329 2.4604 0.0000 0.3136 0.0831
3.8329 2.4604 0.0000 0.3136 0.0831
3.8329 2.4604 0.0000 0.3136 0.0831
3.8329 2.4604 0.0000 0.3136 0.0831
3.8585 0.0173 0.0081 0.0884 0.0084
3.8585 0.0173 0.0081 0.0884 0.0084
3.8585 0.0173 0.0081 0.0884 0.0084
3.8585 0.0173 0.0081 0.0884 0.0084
3.8585 0.0173 0.0081 0.0884 0.0084
3.8585 0.0173 0.0081 0.0884 0.0084
3.8585 0.0173 0.0081 0.0884 0.0084
3.8585 0.0173 0.0081 0.0884 0.0084
3.8585 0.0173 0.0081 0.0884 0.0084
3.8585 0.0173 0.0081 0.0884 0.0084
5.5304 0.0169 0.0044 0.1060 0.0047
5.5304 0.0169 0.0044 0.1060 0.0047
5.5304 0.0169 0.0044 0.1060 0.0047
5.5304 0.0169 0.0044 0.1060 0.0047
5.5304 0.0169 0.0044 0.1060 0.0047
5.5304 0.0169 0.0044 0.1060 0.0047
5.5304 0.0169 0.0044 0.1060 0.0047
5.5304 0.0169 0.0044 0.1060 0.0047
5.5304 0.0169 0.0044 0.1060 0.0047
5.5304 0.0169 0.0044 0.1060 0.0047
4.1298 0.0153 0.0065 0.7194 0.0062
4.1298 0.0153 0.0065 0.7194 0.0062
4.1298 0.0153 0.0065 0.7194 0.0062
4.1298 0.0153 0.0065 0.7194 0.0062
4.1298 0.0153 0.0065 0.7194 0.0062
4.1298 0.0153 0.0065 0.7194 0.0062
4.1298 0.0153 0.0065 0.7194 0.0062
4.1298 0.0153 0.0065 0.7194 0.0062
4.1298 0.0153 0.0065 0.7194 0.0062
4.1298 0.0153 0.0065 0.7194 0.0062
5.5290 4.1737 0.0006 0.7378 0.0149
5.5290 4.1737 0.0006 0.7378 0.0149
5.5290 4.1737 0.0006 0.7378 0.0149
5.5290 4.1737 0.0006 0.7378 0.0149
5.5290 4.1737 0.0006 0.7378 0.0149
5.5290 4.1737 0.0006 0.7378 0.0149
5.5290 4.1737 0.0006 0.7378 0.0149
5.5290 4.1737 0.0006 0.7378 0.0149
5.5290 4.1737 0.0006 0.7378 0.0149
5.5290 4.1737 0.0006 0.7378 0.0149
4.6905 0.0124 0.0055 0.0005 0.0056
4.6905 0.0124 0.0055 0.0005 0.0056
4.6905 0.0124 0.0055 0.0005 0.0056
4.6905 0.0124 0.0055 0.0005 0.0056
4.6905 0.0124 0.0055 0.0005 0.0056
4.6905 0.0124 0.0055 0.0005 0.0056
4.6905 0.0124 0.0055 0.0005 0.0056
4.6905 0.0124 0.0055 0.0005 0.0056
4.6905 0.0124 0.0055 0.0005 0.0056
4.6905 0.0124 0.0055 0.0005 0.0056
5.5391 4.7719 0.0094 5.1512 0.0080
5.5391 4.7719 0.0094 5.1512 0.0080
5.5391 4.7719 0.0094 5.1512 0.0080
5.5391 4.7719 0.0094 5.1512 0.0080
5.5391 4.7719 0.0094 5.1512 0.0080
5.5391 4.7719 0.0094 5.1512 0.0080
5.5391 4.7719 0.0094 5.1512 0.0080
5.5391 4.7719 0.0094 5.1512 0.0080
5.5391 4.7719 0.0094 5.1512 0.0080
5.5391 4.7719 0.0094 5.1512 0.0080
