2.8143 0.0001
5.3874 0.1071
0.0479 0.0002
6.2454 0.0689
4.1873 0.0000
0.0494 0.0002
5.8079 0.0453
0.0510 0.0002
2.8148 0.0001
4.4531 0.0000
5.6006 0.0082
0.0477 0.0027
0.0475 0.0027
0.0473 0.0027
5.2692 0.0221
6.9620 0.0024
6.9244 0.0146
0.0468 0.0027
0.0475 0.0027
0.0478 0.0027
0.0423 0.0003
4.2799 0.0006
2.8986 0.0003
4.6266 0.0044
0.0425 0.0003
0.0422 0.0003
8.0438 0.1601
0.0423 0.0003
0.0425 0.0003
2.9001 0.0003
4.9856 0.0992
0.0499 0.0067
6.1250 0.0046
2.1409 0.0066
0.0486 0.0067
0.0477 0.0066
4.9837 0.0991
4.9863 0.0998
0.0503 0.0067
2.1412 0.0066
0.0544 0.0275
0.0542 0.0275
5.9402 0.0372
7.8916 0.0641
2.8194 0.0477
2.0034 0.1283
2.0045 0.1290
2.0043 0.1289
0.0542 0.0275
3.7239 0.0296
2.7984 0.0043
1.9551 0.0038
1.9542 0.0038
4.4752 0.0048
0.0447 0.0038
2.8568 0.0040
0.0458 0.0038
5.4638 0.0018
6.5488 0.0038
2.8572 0.0040
0.0492 0.0299
0.0494 0.0299
0.0495 0.0298
0.0490 0.0299
0.0488 0.0299
0.0487 0.0298
0.0493 0.0298
0.0493 0.0298
0.0488 0.0298
0.0488 0.0299
0.0496 0.0245
0.0502 0.0245
0.0494 0.0245
0.0504 0.0246
0.0498 0.0245
2.6925 0.0248
0.0496 0.0245
5.8978 0.0226
0.0499 0.0246
0.0496 0.0245
0.0457 0.0149
0.0457 0.0149
0.0408 0.0149
0.0456 0.0149
0.0442 0.0149
0.0453 0.0149
0.0446 0.0149
0.0441 0.0149
0.0448 0.0149
0.0456 0.0149
0.0494 0.0172
2.7424 0.0175
2.7424 0.0175
2.7424 0.0175
2.7423 0.0176
2.7423 0.0175
0.0495 0.0172
0.0496 0.0172
4.3502 0.0186
0.0491 0.0173
0.0411 0.0006
5.6867 0.0003
3.2656 0.0011
3.9747 0.0004
3.4184 0.0008
0.0427 0.0006
3.8846 0.0070
2.6464 0.0004
5.9307 0.0004
3.2669 0.0011
0.0382 0.0245
0.0394 0.0245
0.0391 0.0245
0.0394 0.0245
1.6687 0.0247
4.4566 0.1728
0.0395 0.0245
0.0393 0.0245
0.0385 0.0245
0.0394 0.0245
0.0525 0.0025
0.0522 0.0025
0.0530 0.0025
0.0513 0.0025
4.5540 0.0020
0.0525 0.0024
0.0528 0.0025
3.7606 0.0327
0.0533 0.0025
0.0535 0.0025
0.0406 0.0011
0.0406 0.0011
0.0404 0.0011
0.0409 0.0011
0.0405 0.0011
0.0408 0.0011
0.0409 0.0011
0.0409 0.0011
0.0406 0.0011
0.0409 0.0011
0.0409 0.0085
0.0393 0.0085
0.0395 0.0085
0.0404 0.0086
0.0405 0.0085
1.7275 0.0081
0.0405 0.0085
0.0410 0.0086
0.0402 0.0086
3.7794 0.0049
0.0422 0.0005
0.0422 0.0005
0.0423 0.0005
0.0420 0.0005
0.0420 0.0005
0.0417 0.0005
5.6878 0.1063
6.9823 0.0008
0.0427 0.0005
0.0423 0.0005
0.0461 0.0001
0.0452 0.0002
5.4077 0.0073
2.9627 0.0000
0.0458 0.0001
4.8403 0.0003
0.0457 0.0002
2.6267 0.0001
0.0451 0.0001
0.0451 0.0001
0.0520 0.0015
0.0518 0.0015
0.0521 0.0015
4.4555 0.0046
2.2011 0.0005
0.0520 0.0015
4.7683 0.0390
4.4197 0.0075
0.0524 0.0015
4.4555 0.0046
4.1801 0.0027
0.0509 0.0040
0.0500 0.0039
0.0505 0.0040
1.7388 0.0043
6.6163 0.0009
0.0505 0.0040
3.5193 0.0048
0.0514 0.0040
0.0512 0.0040
0.0401 0.0036
0.0406 0.0036
0.0406 0.0036
2.3896 0.0061
0.0403 0.0036
0.0401 0.0036
4.6472 0.0005
0.0406 0.0036
0.0403 0.0036
2.3905 0.0061
