poly-2-1-2.1.dat
N     M_2       M_3     \theta  \theta_EM
1e2 1.344312 4.674969 1.644800 0.076600 
5e2 0.344401 1.113175 0.896500 0.024600 
3e3 0.221317 0.744574 0.456600 0.006700 
1e4 0.145013 0.468579 0.439400 0.004400 
3e4 0.153146 0.561980 0.413350 0.001700 
5e4 0.138366 0.477579 0.360833 0.001000 
7e4 0.131393 0.435390 0.300760 0.000900 
1e5 0.137742 0.456867 0.231525 0.001000 

pi-1-8-3.3.dat
N     M_2       M_3   \theta   
1e2 2.867426 7.831767 3.705167 
1e3 1.383721 4.349718 3.323780 
1e4 0.961244 4.061313 1.957467 
3e4 0.912536 2.434001 2.012920 
5e4 0.949421 2.495661 2.049360 

