0.0096 0.0078
0.0097 0.0078
0.0096 0.0078
0.0096 0.0078
3.2632 0.0047
3.2632 0.0047
0.0096 0.0078
0.0096 0.0078
0.0097 0.0078
3.2628 0.0047
0.0096 0.0078
0.0096 0.0078
0.0097 0.0078
0.0096 0.0078
0.0096 0.0078
0.0096 0.0078
0.0096 0.0078
0.0097 0.0078
0.0096 0.0078
0.0096 0.0078
0.0096 0.0078
0.0096 0.0078
0.0096 0.0078
0.0096 0.0078
0.0096 0.0078
0.0096 0.0078
0.0096 0.0078
0.0097 0.0078
3.2632 0.0047
0.0096 0.0078
0.0096 0.0078
3.2632 0.0047
0.0096 0.0078
0.0096 0.0078
0.0096 0.0078
0.0096 0.0078
3.2632 0.0047
0.0096 0.0078
0.0096 0.0078
0.0096 0.0078
0.0096 0.0078
0.0096 0.0078
3.2632 0.0047
0.0096 0.0078
0.0096 0.0078
0.0096 0.0078
0.0096 0.0078
0.0097 0.0078
0.0097 0.0078
0.0096 0.0078
0.0096 0.0078
0.0096 0.0078
0.0096 0.0078
0.0097 0.0078
3.2632 0.0047
3.2632 0.0047
0.0096 0.0078
0.0096 0.0078
0.0096 0.0078
0.0096 0.0078
0.0097 0.0078
0.0096 0.0078
0.0097 0.0078
0.0096 0.0078
0.0096 0.0078
0.0097 0.0078
0.0096 0.0078
0.0096 0.0078
0.0096 0.0078
0.0096 0.0078
0.0096 0.0078
0.0096 0.0078
0.0096 0.0078
0.0097 0.0078
0.0097 0.0078
0.0096 0.0078
0.0096 0.0078
