0.3485 0.0009 0.0152 0.0286 0.0155
0.3543 0.0004 0.0074 0.0276 0.0074
5.9205 0.0007 0.0109 0.3166 0.0109
1.4802 0.0008 0.0062 0.0422 0.0063
5.0725 0.0010 0.0045 1.9358 0.0045
6.6699 0.0005 0.0078 1.0193 0.0077
6.7046 0.0015 0.0134 0.0037 0.0134
9.6603 0.0014 0.0000 0.2847 0.0000
7.3614 0.0015 0.0002 0.0273 0.0002
7.7834 0.0005 0.0069 1.7489 0.0069
5.4546 0.0006 0.0048 0.1677 0.0049
3.3083 0.0008 0.0160 0.0308 0.0160
3.3677 0.0010 0.0001 1.7468 0.0001
1.9367 0.0008 0.0090 0.6063 0.0090
11.9058 0.0006 0.0035 0.5397 0.0034
10.5116 0.0013 0.0007 7.7540 0.0007
11.8331 0.0017 0.0020 0.1684 0.0020
5.9425 0.0005 0.0028 18.7104 0.0027
1.3249 0.0008 0.0019 0.0239 0.0019
7.1578 0.0011 0.0005 0.1823 0.0005
12.4320 0.0012 0.0004 0.3684 0.0004
4.6529 0.0011 0.0092 0.0764 0.0091
7.7972 0.0017 0.0057 0.1609 0.0056
7.6072 0.0006 0.0518 5.3958 0.0515
7.6205 0.0014 0.0024 4.2124 0.0023
6.6610 0.0024 0.0193 0.0180 0.0192
4.0245 0.0008 0.0033 0.5863 0.0032
7.1687 0.0013 0.0009 5.1135 0.0009
7.0987 0.0017 0.0023 6.2511 0.0023
7.7231 0.0019 0.0006 1.1582 0.0005
6.3292 0.0010 0.0453 1.1669 0.0453
5.9331 0.0016 0.0035 2.9232 0.0034
7.1447 0.0006 0.0000 9.4250 0.0000
7.3664 0.0014 0.0028 10.3098 0.0028
6.5009 0.0014 0.0016 2.1766 0.0016
6.3224 0.0010 0.0003 0.7047 0.0003
5.0006 0.0014 0.0001 2.6884 0.0001
7.5913 0.0017 0.0108 0.3132 0.0108
7.2065 0.0020 0.0027 4.0014 0.0028
7.4517 0.0016 0.0026 4.9321 0.0026
5.2663 0.0004 0.0069 0.0087 0.0069
7.3425 0.0012 0.0061 1.7988 0.0061
2.0679 0.0007 0.0076 0.0672 0.0076
2.4193 0.0016 0.0079 0.0758 0.0079
1.9452 0.0010 0.0053 2.2755 0.0052
1.9085 0.0004 0.0053 2.6584 0.0054
2.0536 0.0004 0.0254 2.2438 0.0253
2.1686 0.0008 0.0172 0.0217 0.0171
2.3489 0.0006 0.0067 0.3248 0.0067
1.9267 0.0011 0.0005 2.4030 0.0005
1.8919 0.0012 0.0002 0.0960 0.0002
1.9384 0.0017 0.0007 2.4089 0.0007
2.6942 0.0012 0.0055 0.0905 0.0055
1.9544 0.0008 0.0041 0.1066 0.0041
2.5107 0.0017 0.0091 0.0036 0.0091
1.9091 0.0015 0.0101 0.1339 0.0102
1.8898 0.0015 0.0065 0.2384 0.0064
3.3133 3.3377 0.0026 3.1247 0.3271
2.6452 0.0012 0.0391 0.1977 0.0391
1.8809 0.0010 0.0011 1.8505 0.0011
2.4781 0.0016 0.0066 0.0073 0.0066
2.2200 0.0019 0.0147 0.1593 0.0144
1.9959 0.0011 0.0016 0.0045 0.0016
2.0621 0.0007 0.0001 0.0073 0.0001
2.4928 0.0019 0.0065 3.8178 0.0066
2.4778 0.0008 0.0025 0.2348 0.0025
1.9543 0.0006 0.1675 0.4673 0.1672
2.0243 0.0012 0.0000 0.0028 0.0000
2.9871 3.3625 0.0005 0.8265 0.0005
3.1237 3.3616 0.0043 0.0006 0.3101
2.2504 0.0015 0.0030 3.2418 0.0029
2.1317 0.0007 0.0007 1.4800 0.0007
2.1007 0.0016 0.0156 0.2670 0.0157
1.9921 0.0007 0.0276 1.2671 0.0275
2.3149 0.0008 0.0128 1.6525 0.0129
2.2536 0.0014 0.0007 0.1998 0.0007
2.0057 0.0011 0.0052 0.5152 0.0051
2.2532 0.0015 0.0028 1.9475 0.0028
2.3402 3.3626 0.0366 1.5521 0.3259
2.3460 0.0013 0.0001 0.4792 0.0001
2.2365 0.0012 0.0002 1.4632 0.0002
3.0175 3.3673 0.0752 0.6550 0.0044
2.3926 0.0017 0.0011 0.0019 0.0011
3.1598 0.0012 0.0057 0.0005 0.0057
3.2754 0.0013 0.0000 0.1469 0.0000
2.0760 0.0016 0.0038 0.1256 0.0038
2.5189 0.0009 0.0097 0.0710 0.0098
4.5858 0.0014 0.0078 0.0093 0.0079
2.7656 0.0012 0.0047 0.0096 0.0047
2.0931 0.0007 0.0367 0.0106 0.0368
3.6900 0.0012 0.0006 0.0192 0.0006
4.2116 0.0026 0.0006 0.0000 0.0006
2.1589 0.0009 0.0046 0.0555 0.0046
2.5957 0.0008 0.0146 0.1005 0.0146
3.0972 0.0007 0.0003 0.2361 0.0003
2.2367 0.0006 0.0007 0.0351 0.0007
1.9077 0.0010 0.0130 0.0004 0.0129
4.0132 0.0004 0.0013 0.0145 0.0013
2.1921 0.0012 0.0085 0.0000 0.0086
2.9739 0.0014 0.0057 0.3111 0.0056
3.6765 0.0008 0.0000 0.0208 0.0000
2.6593 0.0008 0.0025 0.0344 0.0025
0.2228 0.0015 0.0458 0.0106 0.0457
0.5040 0.0006 0.0018 0.0026 0.0018
3.3732 0.0023 0.0046 0.0635 0.0046
0.2018 0.0008 0.0003 0.0047 0.0003
0.2046 0.0013 0.0173 0.0018 0.0173
0.2122 0.0010 0.0123 0.0485 0.0124
0.2231 0.0007 0.0000 0.0074 0.0000
1.0700 0.0007 0.0412 0.0654 0.0412
2.3798 0.0019 0.0184 1.1927 0.0183
0.1902 0.0010 0.0193 0.0658 0.0192
0.2780 0.0013 0.0024 0.0124 0.0024
0.3339 0.0005 0.0051 0.0025 0.0051
0.2058 0.0007 0.0220 0.0864 0.0219
0.2192 0.0010 0.0086 0.0372 0.0086
5.8341 0.6642 0.0001 1.7075 0.0053
0.3013 0.0008 0.0038 0.0084 0.0037
0.2030 0.0007 0.0138 0.0076 0.0137
0.1934 0.0010 0.0034 0.0017 0.0035
0.4732 0.0011 0.0060 0.1505 0.0060
0.4787 0.0006 0.0000 0.0775 0.0000
0.4833 0.0027 0.0010 0.0001 0.0009
0.6858 0.0008 0.0008 0.0039 0.0008
0.4974 0.0010 0.0013 0.0003 0.0013
0.5092 0.0015 0.0004 0.0029 0.0004
0.5041 0.0009 0.0001 0.0383 0.0001
0.4895 0.0008 0.0174 0.0542 0.0174
0.5024 0.0010 0.0112 0.1730 0.0112
0.5552 0.0019 0.0002 0.0132 0.0002
0.5021 0.0010 0.0367 0.1157 0.0366
0.5061 0.0012 0.0336 0.0627 0.0337
0.4980 0.0009 0.0069 0.0326 0.0069
0.4702 0.0016 0.0105 0.1788 0.0106
0.4862 0.0014 0.0014 0.0353 0.0013
0.4839 0.0017 0.0002 0.0684 0.0002
0.4720 0.0015 0.0041 0.0254 0.0041
0.5007 0.0011 0.0110 0.0625 0.0110
0.4782 0.0020 0.0054 0.0655 0.0054
0.5428 0.0015 0.0005 0.0006 0.0005
0.9580 0.0006 0.0093 0.0667 0.0093
0.9875 0.0015 0.0032 0.0277 0.0032
0.9503 0.0018 0.0016 0.0105 0.0016
0.9892 0.0005 0.0086 0.0057 0.0086
0.9885 0.0009 0.0138 0.2438 0.0137
0.9802 0.0019 0.0012 0.1801 0.0012
0.9681 0.0012 0.0031 0.1007 0.0032
0.9423 0.0017 0.0050 0.0122 0.0049
0.9913 0.0019 0.0000 0.0000 0.0000
0.9636 0.0009 0.0021 0.0116 0.0021
0.9517 0.0014 0.0130 0.0005 0.0130
0.9637 0.0007 0.0019 0.0531 0.0019
0.9512 0.0010 0.0037 0.1490 0.0037
0.9694 0.0007 0.0002 0.0781 0.0002
0.9873 0.0015 0.0096 0.0281 0.0096
0.9604 0.0012 0.0074 0.1499 0.0073
0.9825 0.0010 0.0050 0.0000 0.0049
0.9880 0.0012 0.0018 0.7444 0.0018
0.9485 0.0005 0.0491 0.0445 0.0491
0.9691 0.0013 0.0012 0.0038 0.0012
1.3808 0.0009 0.0269 0.0074 0.0271
0.8993 0.0026 0.0020 0.2253 0.0021
1.2799 0.0016 0.0084 0.2713 0.0084
1.1389 0.0011 0.0034 0.0202 0.0034
1.0387 0.0008 0.0268 0.0554 0.0268
0.8851 0.0018 0.0237 0.0805 0.0236
2.7924 0.0008 0.0004 0.0089 0.0004
0.6318 0.0019 0.0083 0.0973 0.0083
1.0514 0.0015 0.0005 0.2091 0.0005
1.6769 0.0013 0.0234 0.0003 0.0234
5.0284 0.0020 0.0674 6.7305 0.0674
7.0904 0.0025 0.0083 9.8005 0.0085
0.5215 0.0019 0.0113 0.0087 0.0114
1.1167 0.0011 0.0038 0.0068 0.0038
0.9896 0.0010 0.0002 0.1561 0.0002
0.8486 0.0014 0.0037 0.0538 0.0037
5.3254 0.0009 0.0125 0.0078 0.0126
1.4505 0.0016 0.0042 0.0029 0.0042
0.8293 0.0016 0.0380 0.0868 0.0381
0.4330 0.0009 0.0015 0.0067 0.0015
0.4466 0.0014 0.0283 0.0229 0.0281
0.4723 0.0011 0.0009 0.0053 0.0009
0.4777 0.0011 0.0037 0.0088 0.0037
0.5900 0.0012 0.0079 0.0474 0.0079
0.5122 0.0014 0.0087 0.0016 0.0087
0.4919 0.0013 0.0003 0.0017 0.0003
0.5141 0.0008 0.0001 0.0007 0.0001
0.4950 0.0010 0.0024 0.0208 0.0024
0.4242 0.0016 0.0024 0.0175 0.0024
0.4877 0.0007 0.0035 0.0004 0.0034
0.5761 0.0015 0.0098 0.0013 0.0099
0.4139 0.0013 0.0040 0.0008 0.0040
0.4984 0.0016 0.0064 0.0391 0.0064
0.5037 0.0011 0.0223 0.0032 0.0223
0.5522 0.0005 0.0012 0.2151 0.0012
0.4836 0.0017 0.0000 0.0036 0.0000
0.4671 0.0006 0.0006 0.0049 0.0006
0.5227 0.0014 0.0022 0.0006 0.0022
0.5983 0.0011 0.0074 0.0815 0.0073
0.5346 0.0015 0.0099 0.1698 0.0099
2.1869 0.0008 0.0430 0.3987 0.0429
0.7445 0.0013 0.0108 0.9236 0.0109
0.7859 0.0012 0.0002 0.0217 0.0002
0.5837 0.0010 0.0000 0.0112 0.0000
0.4017 0.0012 0.0002 0.0018 0.0002
0.4882 0.0017 0.0027 0.0464 0.0027
1.1667 0.0020 0.0005 0.0200 0.0005
0.4224 0.0006 0.0028 0.0143 0.0028
0.1595 0.0007 0.0002 0.0075 0.0002
1.2596 0.0007 0.0195 0.0310 0.0196
0.6968 0.0009 0.0073 0.0032 0.0074
0.8898 0.0007 0.0004 0.1279 0.0004
1.8806 0.0013 0.0064 1.9217 0.0064
2.5384 0.0015 0.0237 0.0048 0.0236
1.6783 0.0004 0.0093 0.0589 0.0093
0.7397 0.0017 0.0004 0.0055 0.0003
6.1571 0.0010 0.0001 0.0048 0.0001
0.2515 0.0010 0.0037 0.0391 0.0037
0.4415 0.0018 0.0004 0.0186 0.0004
3.5608 0.0011 0.0084 2.5838 0.0083
0.6286 0.0016 0.0027 0.0720 0.0027
1.8227 1.4903 0.0003 0.0000 0.0365
0.6749 0.0019 0.0014 0.0238 0.0014
1.1963 0.0015 0.0178 0.0163 0.0178
1.5059 0.0007 0.0015 0.4447 0.0015
1.1053 0.0010 0.0000 0.0426 0.0001
1.2465 0.0010 0.0126 0.0238 0.0125
0.9925 0.0015 0.0217 0.0445 0.0215
0.3199 0.0013 0.0023 0.0071 0.0023
1.2045 0.0008 0.0202 0.0464 0.0201
0.3133 0.0010 0.0072 0.0735 0.0072
1.2143 0.0012 0.0065 0.1491 0.0064
1.1865 0.0022 0.0002 0.3045 0.0002
0.3348 0.0012 0.0039 0.0997 0.0039
1.1844 0.0020 0.0035 0.0103 0.0035
1.2765 0.0015 0.0155 0.4130 0.0155
1.3756 0.0022 0.0013 0.0090 0.0013
1.2192 0.0006 0.0109 0.0000 0.0109
1.4769 0.0013 0.0104 0.0059 0.0105
0.9046 0.0021 0.0198 0.0204 0.0196
1.7697 0.0007 0.0022 0.4397 0.0022
1.7906 0.0015 0.0083 0.2198 0.0084
1.7571 0.0007 0.0128 0.8567 0.0128
1.7962 0.0003 0.0001 0.0325 0.0001
1.7375 0.0006 0.0954 0.0554 0.0951
1.7958 0.0016 0.0260 0.0325 0.0259
1.7767 0.0010 0.0082 0.2696 0.0082
1.7489 0.0007 0.0000 0.1621 0.0000
1.7594 0.0009 0.0036 0.1642 0.0036
1.7598 0.0006 0.0001 0.1941 0.0001
1.7869 0.0007 0.0026 0.0393 0.0026
1.8033 0.0008 0.0048 0.5520 0.0048
1.7805 0.0010 0.0002 0.0656 0.0002
1.7702 0.0019 0.0036 0.0284 0.0036
1.7963 0.0019 0.0000 0.4647 0.0000
1.7654 0.0012 0.0128 0.0005 0.0129
1.7462 0.0016 0.0248 0.5664 0.0247
1.8080 0.0009 0.0000 0.3052 0.0000
1.7574 0.0020 0.0019 0.2960 0.0019
1.7658 0.0009 0.0471 0.2088 0.0474
4.1183 0.0015 0.0007 0.5075 0.0007
3.0272 0.0012 0.0029 0.0659 0.0030
3.9335 0.0012 0.0024 0.5777 0.0024
3.3477 0.0009 0.0004 0.0004 0.0004
4.9307 0.0009 0.0000 0.0110 0.0000
3.2174 0.0016 0.0012 0.0051 0.0012
2.9847 0.0008 0.0386 0.0717 0.0387
3.9473 0.0013 0.0168 0.3095 0.0169
5.9220 0.0006 0.0057 0.0027 0.0058
4.3151 0.0019 0.0068 0.0107 0.0070
3.8319 0.0010 0.0048 0.0011 0.0048
4.9859 0.0007 0.0041 0.2945 0.0041
4.3057 0.0015 0.0082 0.2160 0.0082
4.5194 0.0009 0.0081 0.0567 0.0081
5.3039 0.0012 0.0000 0.1203 0.0000
5.7435 0.0017 0.0006 0.0028 0.0006
3.1536 0.0010 0.0174 0.0069 0.0174
5.5280 0.0015 0.0000 0.0108 0.0000
3.4594 0.0018 0.0002 0.4800 0.0002
4.5395 0.0014 0.0152 0.2520 0.0153
0.4573 0.0006 0.0001 0.0143 0.0001
0.9056 0.0011 0.0143 0.0091 0.0143
1.0928 0.0011 0.0064 0.0020 0.0064
2.5738 0.0011 0.0049 0.0103 0.0048
0.3777 0.0014 0.0200 0.0668 0.0200
0.6852 0.0010 0.0000 0.0007 0.0000
2.9496 0.0012 0.0023 0.0013 0.0023
1.5934 0.0007 0.0035 0.3058 0.0034
1.9562 0.0007 0.0111 0.0063 0.0111
0.8505 0.0008 0.0138 0.0298 0.0137
0.7394 0.0010 0.0186 0.0206 0.0186
0.4032 0.0011 0.0121 0.0413 0.0121
0.5433 0.0008 0.0057 0.1283 0.0057
0.5356 0.0007 0.0087 0.0009 0.0086
0.7184 0.0019 0.0265 0.0310 0.0263
0.9524 0.0008 0.0379 0.0494 0.0380
0.2564 0.0009 0.0431 0.0659 0.0431
1.4319 0.0014 0.0124 0.0212 0.0125
0.6092 0.0009 0.0051 0.0017 0.0050
0.4631 0.0011 0.0000 0.0204 0.0000
6.2377 0.6778 0.0001 0.1864 0.0034
1.7189 0.0007 0.0258 0.0059 0.0258
2.7004 0.0010 0.0051 0.3532 0.0051
7.7811 4.9574 0.0041 0.0307 0.1005
8.7179 3.4194 0.0530 0.2646 0.6177
7.6767 2.8608 0.0145 0.0778 0.0014
1.5042 0.0016 0.0003 0.0000 0.0003
6.8201 0.6978 0.0018 0.2477 0.0274
2.4454 0.0008 0.0010 0.0804 0.0010
1.5468 0.0007 0.0160 0.3293 0.0159
1.7481 0.0013 0.0396 0.3605 0.0399
7.8060 0.8594 0.0005 0.0381 0.0019
1.8878 0.8724 0.0125 0.0374 0.0270
9.1774 0.6645 0.0029 0.0340 0.0023
6.0122 0.0012 0.0000 0.0461 0.0000
1.5445 0.8723 0.0000 0.0068 0.0153
6.6861 0.6726 0.0129 1.1424 0.5945
1.6990 0.0010 0.0145 0.0553 0.0146
1.3731 0.0007 0.0005 0.0645 0.0005
6.0104 0.0006 0.0007 0.0002 0.0006
0.7964 0.0016 0.0098 0.0396 0.0098
0.7027 0.0013 0.0003 0.0310 0.0002
0.6625 0.0016 0.0008 0.0083 0.0008
0.9646 0.0018 0.0080 0.0021 0.0080
0.7960 0.0008 0.0033 0.0217 0.0033
0.8406 0.0016 0.0015 0.0062 0.0014
0.8837 0.0012 0.0005 0.0210 0.0004
0.8950 0.0012 0.1105 0.2823 0.1106
0.6326 0.0012 0.0032 0.0228 0.0032
0.6925 0.0011 0.0013 0.0216 0.0012
0.8202 0.0024 0.0025 0.0545 0.0025
0.7126 0.0009 0.0113 0.0000 0.0113
0.8589 0.0015 0.0064 0.0004 0.0064
0.6181 0.0016 0.0056 0.0320 0.0056
0.8032 0.0007 0.0000 0.0072 0.0000
0.7624 0.0015 0.0022 0.0097 0.0023
0.6658 0.0019 0.0223 0.0283 0.0223
0.6730 0.0021 0.0014 0.0165 0.0014
0.7132 0.0011 0.0015 0.0056 0.0015
0.8148 0.0011 0.0179 0.0560 0.0179
1.7449 0.0009 0.0002 0.0091 0.0002
1.4711 0.0012 0.0486 0.7246 0.0487
1.4786 0.0012 0.0197 0.0419 0.0197
1.5034 0.0021 0.0030 0.0005 0.0030
1.5635 0.0016 0.0090 0.0670 0.0090
1.5075 0.0008 0.0008 0.6780 0.0008
1.4682 0.0012 0.0389 0.0099 0.0388
1.4958 0.0009 0.0038 0.0066 0.0037
0.9791 0.0011 0.0065 0.0004 0.0064
1.4188 0.0017 0.0036 0.0012 0.0037
1.5454 0.0007 0.0000 0.0254 0.0000
1.5068 0.0014 0.0098 0.5891 0.0098
1.6572 0.0014 0.0111 0.0017 0.0112
0.2387 0.0007 0.0099 0.0421 0.0099
1.5409 0.0015 0.0005 0.0475 0.0005
1.5856 0.0014 0.0006 0.0785 0.0006
1.5601 0.0012 0.0061 0.0004 0.0061
1.5603 0.0012 0.0104 0.0044 0.0105
1.3474 0.0016 0.0074 0.1489 0.0074
1.4626 0.0011 0.0075 0.0027 0.0075
7.8466 0.6841 0.0132 14.9647 0.0383
4.8505 0.6865 0.0026 49.9032 0.0075
5.2473 0.6863 0.0012 0.0096 0.0083
3.5981 0.6852 0.0007 0.0339 0.0018
3.7269 0.6861 0.0025 2.1377 0.0085
5.1167 0.6874 0.0115 0.1449 0.0437
9.0607 0.6840 0.0018 0.0811 0.0031
15.4198 0.6863 0.0135 0.8453 0.0000
5.9625 0.6835 0.0224 7.9287 0.0169
7.5911 0.6841 0.0103 20.8631 0.0003
14.1498 0.6833 0.0002 2.8372 0.0000
16.0085 0.6865 0.0088 0.0280 0.0683
9.3404 0.6846 0.0044 6.9133 0.0220
12.1506 0.6854 0.0022 0.3878 0.0010
3.1134 0.6863 0.0011 0.2330 0.0022
5.3263 0.6856 0.0002 0.3563 0.0044
8.7298 0.6847 0.0022 0.0045 0.0549
4.4432 0.6847 0.0068 40.6759 0.0224
3.5275 0.6847 0.0019 28.4933 0.0081
9.6607 0.6836 0.0052 0.7222 0.0108
0.3781 0.0007 0.0022 0.0082 0.0022
0.4752 0.0010 0.0014 0.0163 0.0014
0.3160 0.0006 0.0099 0.0469 0.0099
0.3854 0.0006 0.0000 0.1114 0.0000
0.4996 0.0011 0.0027 0.3778 0.0026
0.6693 0.0008 0.0042 0.0011 0.0043
0.4116 0.0006 0.0045 0.0146 0.0045
0.3530 0.0008 0.0001 0.1182 0.0001
0.6351 0.0012 0.0090 0.0131 0.0090
0.5288 0.0016 0.0021 0.0081 0.0022
0.3314 0.0013 0.0014 0.0066 0.0014
0.4343 0.0010 0.0003 0.0017 0.0003
0.3660 0.0013 0.0027 0.0085 0.0027
0.4740 0.0010 0.0000 0.0000 0.0000
0.3694 0.0009 0.0011 0.0506 0.0011
0.3620 0.0012 0.0085 0.0411 0.0085
0.4340 0.0011 0.0089 0.0326 0.0089
0.3473 0.0008 0.0019 0.0192 0.0019
0.3515 0.0006 0.0047 0.0619 0.0047
0.3789 0.0016 0.0069 0.0120 0.0069
4.7168 0.0025 0.0306 0.0609 0.0306
4.0883 0.0045 0.0013 0.8085 0.0013
2.1965 0.0017 0.0159 0.1074 0.0158
4.7315 0.0030 0.0063 0.0020 0.0062
5.3350 0.0023 0.0063 0.0163 0.0061
2.8887 0.0031 0.0002 0.2508 0.0002
1.7662 0.0028 0.0157 0.0001 0.0158
4.5154 0.0040 0.0096 0.1802 0.0096
4.7157 0.0024 0.0167 0.0010 0.0168
7.5059 0.0027 0.0029 0.0641 0.0029
3.2878 0.0025 0.0014 0.0311 0.0013
3.8363 0.0024 0.0320 0.0304 0.0321
5.0281 0.0016 0.0000 0.0074 0.0000
3.9451 0.0022 0.0003 0.1241 0.0003
1.3538 0.0016 0.0001 0.2095 0.0001
2.7258 0.0032 0.0034 1.2188 0.0033
2.5318 0.0030 0.0029 0.0009 0.0029
4.4334 0.0022 0.0289 0.1088 0.0289
3.3021 0.0031 0.0076 0.3673 0.0076
5.5703 0.0025 0.0001 0.1943 0.0001
1.0696 0.0023 0.0044 0.0004 0.0045
0.9126 0.0020 0.0031 0.0026 0.0032
2.5344 0.0018 0.0177 0.8002 0.0176
2.3252 0.0021 0.0120 0.0418 0.0120
3.0390 0.0028 0.0005 0.0664 0.0006
1.0413 0.0022 0.0018 0.0277 0.0018
2.5041 0.0043 0.0000 0.0111 0.0000
2.7332 0.0040 0.0035 0.0121 0.0033
2.2092 0.0022 0.0148 0.0006 0.0147
1.3224 0.0018 0.0000 0.1058 0.0000
2.5148 0.0019 0.0000 0.0219 0.0000
1.0498 0.0016 0.0091 0.0237 0.0092
1.1198 0.0021 0.0005 0.0010 0.0005
1.2784 0.0013 0.0005 0.0036 0.0006
2.3594 0.0022 0.0140 0.0094 0.0141
2.3837 0.0017 0.0239 0.1955 0.0237
1.1689 0.0009 0.0374 0.8596 0.0374
1.0820 0.0039 0.0034 0.0278 0.0035
1.1132 0.0011 0.0197 0.0642 0.0197
0.9630 0.0040 0.0001 0.0000 0.0001
0.3922 0.0031 0.0051 0.0895 0.0051
0.4194 0.0017 0.0026 0.0007 0.0025
0.3154 0.0020 0.0180 0.0200 0.0179
0.3017 0.0027 0.0228 0.0169 0.0229
0.2946 0.0023 0.0003 0.0002 0.0003
0.3224 0.0051 0.0133 0.0187 0.0133
0.4903 0.0015 0.0039 0.0479 0.0039
0.6385 0.0028 0.0146 0.0003 0.0146
0.2925 0.0030 0.0045 0.0001 0.0045
0.3096 0.0016 0.0158 0.0133 0.0159
0.4441 0.0026 0.0001 0.0317 0.0001
0.4743 0.0021 0.0004 0.0069 0.0004
0.7488 0.0051 0.0212 0.0007 0.0206
0.5869 0.0019 0.0005 0.0007 0.0005
0.7501 0.0024 0.0025 0.2432 0.0025
0.5643 0.0040 0.0059 0.2481 0.0058
0.4846 0.0041 0.0118 0.0040 0.0118
0.4302 0.0053 0.0114 0.0035 0.0115
0.2423 0.0038 0.0145 0.0081 0.0146
0.6627 0.0038 0.0159 0.0021 0.0158
3.1787 0.0034 0.0001 0.8686 0.0001
3.1094 2.4430 0.0145 0.1478 0.0216
3.4314 0.0021 0.0053 0.0001 0.0052
2.1985 0.0040 0.0475 0.1940 0.0475
1.4700 0.0058 0.0011 0.0506 0.0012
1.4501 0.0040 0.0017 0.0241 0.0017
1.5275 0.0043 0.0051 0.0158 0.0051
4.1787 2.4320 0.0015 0.0910 0.0848
2.1685 2.4429 0.0044 1.2437 0.0453
6.3005 2.4365 0.0293 0.4128 0.0199
2.3167 0.0028 0.0249 0.0065 0.0250
1.6974 0.0043 0.0012 0.1029 0.0012
7.1767 2.4410 0.0128 0.0517 0.0082
2.0267 0.0071 0.0000 0.0071 0.0000
3.5360 2.4440 0.0012 0.0059 0.1242
2.7533 0.0044 0.0013 1.2170 0.0013
1.1821 0.0049 0.0102 0.4816 0.0102
6.9883 2.4405 0.0014 0.0785 0.0045
1.6929 0.0071 0.0111 0.0119 0.0114
4.5746 0.0061 0.0030 0.5480 0.0031
0.6049 0.0033 0.0116 0.0003 0.0115
0.2254 0.0016 0.0062 0.0016 0.0061
0.3915 0.0021 0.0022 0.0013 0.0022
0.3609 0.0034 0.0033 0.0632 0.0034
0.3307 0.0017 0.0483 0.0079 0.0485
0.3693 0.0029 0.0044 0.0005 0.0044
0.2999 0.0028 0.0067 0.0609 0.0069
0.2468 0.0036 0.0012 0.0105 0.0011
0.6036 0.0016 0.0127 0.1755 0.0126
0.1769 0.0031 0.0000 0.0234 0.0000
0.1288 0.0012 0.0027 0.0010 0.0027
0.2684 0.0031 0.0202 0.0138 0.0204
0.4116 0.0038 0.0006 0.0086 0.0007
0.1938 0.0025 0.0023 0.0011 0.0023
0.1988 0.0030 0.0338 0.0766 0.0339
0.2274 0.0021 0.0003 0.0067 0.0003
0.1635 0.0020 0.0007 0.0113 0.0007
0.1890 0.0022 0.0346 0.0635 0.0347
0.3061 0.0033 0.0000 0.0051 0.0000
0.3010 0.0015 0.0082 0.0001 0.0082
1.2187 0.0079 0.0028 0.0000 0.0029
1.4856 0.0060 0.0001 0.0551 0.0001
0.7859 0.0077 0.0014 0.0606 0.0014
1.0672 0.0089 0.0098 0.0515 0.0100
1.9729 0.0064 0.0063 0.5370 0.0064
2.5133 3.2544 0.0049 0.0108 0.0057
1.1583 0.0070 0.0039 0.1191 0.0034
0.8604 0.0069 0.0031 0.0319 0.0030
1.2564 0.0076 0.0005 0.0000 0.0004
3.1628 0.0085 0.0150 0.0169 0.0142
1.1458 0.0063 0.0006 0.0002 0.0007
1.8395 0.0079 0.0004 0.6944 0.0004
2.6408 0.0075 0.0082 0.0581 0.0074
2.0076 3.2592 0.0007 0.0918 0.0017
1.2267 0.0097 0.0054 0.5000 0.0049
2.5258 0.0101 0.0013 0.7469 0.0013
1.3967 0.0091 0.0016 0.1930 0.0016
2.9246 0.0082 0.0097 0.3096 0.0097
1.3579 0.0087 0.0001 0.1636 0.0002
2.4640 0.0096 0.0034 0.0097 0.0030
3.5445 0.0025 0.0157 0.1345 0.0158
5.8301 0.0013 0.0005 0.6594 0.0005
3.9375 0.0027 0.0575 0.6579 0.0571
4.4599 0.0055 0.0040 0.0930 0.0039
3.2829 0.0031 0.0456 0.0262 0.0458
3.9243 0.0037 0.0246 0.2880 0.0244
3.5290 0.0023 0.0005 0.0000 0.0004
3.9973 0.0045 0.0130 0.0819 0.0130
3.4179 0.0049 0.0376 0.9555 0.0380
1.6566 0.0019 0.0075 0.3099 0.0073
5.9287 0.0023 0.0003 1.8806 0.0003
3.9588 0.0026 0.0216 0.2710 0.0217
3.8151 0.0031 0.0001 0.0000 0.0001
4.0769 0.0029 0.0001 0.0081 0.0001
3.3548 0.0017 0.0000 0.0263 0.0000
5.4400 0.0033 0.0261 0.0755 0.0262
5.0060 0.0032 0.0020 0.0259 0.0021
5.6706 0.0024 0.0019 0.0259 0.0019
6.0249 0.0010 0.0034 6.6429 0.0034
4.7705 0.0033 0.0002 0.1937 0.0002
3.1086 0.0020 0.0176 0.0364 0.0176
3.5503 0.0023 0.0068 0.5777 0.0068
1.8620 0.0028 0.0169 0.0010 0.0169
2.0015 0.0026 0.0010 0.0984 0.0010
3.3538 0.0040 0.0005 0.0156 0.0005
3.4002 0.0020 0.0000 0.3332 0.0000
2.2596 0.0037 0.0004 0.0024 0.0004
3.1751 0.0020 0.0018 0.2758 0.0018
3.7822 0.0037 0.0044 0.0008 0.0044
5.1565 0.0016 0.0074 0.0205 0.0074
1.0124 0.0017 0.0373 0.4624 0.0374
2.3783 0.0028 0.0078 0.2332 0.0077
3.8992 0.0025 0.0041 0.2078 0.0042
10.1592 0.0033 0.0024 1.1379 0.0024
4.1395 0.0025 0.0144 0.5459 0.0144
1.6691 0.0028 0.0593 0.0812 0.0594
1.1897 0.0025 0.0058 0.0010 0.0058
1.5716 0.0020 0.0112 0.2665 0.0111
2.6004 0.0037 0.0242 0.0967 0.0242
1.4267 0.0032 0.0237 0.2281 0.0236
1.6968 0.0036 0.0045 2.0589 0.0044
1.7051 0.0032 0.0038 0.0778 0.0038
1.6007 2.7220 0.0216 0.0737 0.1480
1.2946 0.0032 0.0042 0.1218 0.0042
2.3018 0.0055 0.0046 0.0001 0.0046
0.9628 0.0021 0.0001 0.0061 0.0001
2.8287 0.0028 0.0193 0.0404 0.0192
1.2266 0.0017 0.0013 0.3012 0.0013
2.7550 0.0031 0.0035 0.0498 0.0034
1.8280 0.0036 0.0002 0.0018 0.0002
2.2245 2.7322 0.0010 0.1161 0.0007
3.1454 0.0022 0.0007 0.0080 0.0008
2.0060 0.0034 0.0088 0.3538 0.0087
10.0234 0.0036 0.0131 1.1363 0.0130
1.9142 0.0022 0.0027 0.1698 0.0027
6.5779 0.0032 0.0056 0.9158 0.0055
1.4379 0.0022 0.0083 0.0801 0.0081
2.3179 0.0030 0.0044 0.0984 0.0045
1.9593 0.0034 0.0000 0.0145 0.0000
1.8273 0.0013 0.0012 0.0066 0.0012
12.8763 0.0045 0.0057 0.0064 0.0058
9.6311 0.0035 0.0021 0.1449 0.0021
10.3134 0.0017 0.0018 1.1142 0.0018
13.0080 0.0019 0.0082 0.0559 0.0082
16.4158 0.0026 0.0216 1.0688 0.0218
11.7515 0.0050 0.0001 0.0054 0.0001
11.8970 0.0026 0.0168 0.0254 0.0167
10.3709 0.0023 0.0001 0.0090 0.0001
13.6874 0.0021 0.0024 0.0101 0.0025
11.5104 0.0026 0.0002 0.0002 0.0002
15.5607 0.0034 0.0001 0.1633 0.0001
12.4608 0.0040 0.0066 0.0128 0.0065
10.8661 0.0019 0.0193 0.0003 0.0192
14.1917 0.0031 0.0010 0.1290 0.0010
10.7846 0.0021 0.0020 0.0416 0.0020
13.6429 0.0015 0.0006 0.0910 0.0006
14.0641 0.0033 0.0195 0.0062 0.0197
11.4960 0.0034 0.0313 0.0957 0.0314
9.5481 0.0025 0.0197 0.5026 0.0197
16.0067 0.0022 0.0327 0.1436 0.0328
1.6443 0.0019 0.0005 0.0095 0.0005
2.3457 2.5571 0.0118 0.5354 0.1273
0.9388 0.0037 0.0041 0.0165 0.0040
0.8115 0.0034 0.0032 0.0443 0.0033
6.0371 0.0057 0.0019 0.1425 0.0018
4.0870 2.5612 0.0168 0.0354 0.2189
3.7532 0.0030 0.0000 0.0890 0.0000
1.5363 0.0034 0.0014 1.7778 0.0014
1.8127 2.5609 0.0104 0.5955 0.0948
1.9560 2.5602 0.0159 0.1338 0.0029
2.0724 0.0050 0.0094 0.1170 0.0090
4.1956 2.5617 0.0050 0.0095 0.2925
3.8404 2.5644 0.0042 1.3400 0.1496
1.0116 0.0027 0.0012 1.1010 0.0014
3.6940 2.5657 0.0274 0.1632 0.4889
1.4320 0.0031 0.0050 0.0229 0.0050
4.3591 2.5649 0.0227 0.0005 0.0776
3.0120 0.0027 0.0006 0.6641 0.0006
2.7490 0.0024 0.0000 0.0001 0.0000
1.8430 0.0039 0.0033 0.0586 0.0032
4.4506 0.0031 0.0075 0.5532 0.0075
2.6977 0.0025 0.0665 0.0484 0.0664
2.7757 0.0034 0.0042 0.0070 0.0041
1.0543 0.0022 0.0013 0.0138 0.0013
2.3859 0.0038 0.0048 0.1593 0.0049
2.6595 0.0024 0.0175 1.3025 0.0177
3.1672 0.0031 0.0326 0.0066 0.0330
1.2044 0.0035 0.0589 0.1415 0.0587
1.2101 0.0012 0.0433 0.0182 0.0431
1.2497 0.0026 0.0404 0.0075 0.0399
2.9223 0.0025 0.0019 0.2489 0.0018
3.8767 0.0040 0.0211 0.0017 0.0209
4.0979 0.0024 0.0271 0.0008 0.0271
2.1546 0.0032 0.0004 0.0370 0.0004
4.3043 0.0012 0.0036 0.0269 0.0036
1.2310 0.0050 0.0163 0.0225 0.0164
2.8399 0.0010 0.0016 0.0336 0.0016
3.2722 0.0039 0.0005 0.4578 0.0006
2.3539 0.0034 0.0000 0.0000 0.0000
1.9988 0.0043 0.0010 0.0013 0.0010
1.2683 0.0019 0.0023 0.0001 0.0023
1.3271 0.0051 0.0071 0.0000 0.0069
1.3644 0.0046 0.0150 0.0016 0.0150
1.6261 0.0008 0.0004 0.0506 0.0004
1.2512 0.0018 0.0133 0.3018 0.0132
2.0967 0.0025 0.0165 0.0346 0.0166
2.2895 0.0012 0.0020 0.0494 0.0020
1.2849 0.0023 0.0008 0.0620 0.0009
1.5645 0.0032 0.0013 0.0011 0.0013
0.9358 0.0014 0.0020 0.0006 0.0020
1.3653 0.0025 0.0128 0.0000 0.0129
3.1333 0.0047 0.0003 0.0025 0.0003
1.1881 0.0028 0.0018 0.0076 0.0017
2.0965 0.0027 0.0086 0.0627 0.0084
1.4376 0.0029 0.0259 0.0433 0.0260
1.2816 0.0041 0.0090 0.1010 0.0088
1.4302 0.0025 0.0045 0.0554 0.0045
0.9296 0.0031 0.0004 0.0166 0.0004
2.4715 0.0028 0.0055 0.0351 0.0056
1.3129 0.0020 0.0060 0.0045 0.0060
1.4997 0.0011 0.0002 0.0347 0.0002
0.9241 0.0019 0.0002 0.0690 0.0003
1.3354 0.0033 0.0056 0.0004 0.0057
1.1439 0.0042 0.0013 0.0003 0.0012
1.0457 0.0061 0.0102 0.0539 0.0101
1.4216 0.0031 0.0047 0.0203 0.0048
1.5445 0.0013 0.0026 0.0001 0.0026
1.5553 0.0020 0.0027 0.2389 0.0029
1.4600 0.0030 0.0009 0.0000 0.0009
0.8351 0.0060 0.0014 0.0329 0.0014
0.6608 0.0031 0.0001 0.0931 0.0001
1.2526 0.0027 0.0150 0.1536 0.0149
0.7689 0.0020 0.0000 0.0219 0.0000
0.8454 0.0040 0.0011 0.0420 0.0011
1.4831 0.0032 0.0124 0.0566 0.0124
1.6074 0.0033 0.0010 0.0526 0.0010
0.8925 0.0031 0.0064 0.0546 0.0065
1.6788 0.0007 0.0001 0.2336 0.0001
0.7511 0.0030 0.0040 0.0490 0.0040
1.3912 0.0033 0.0391 0.0916 0.0390
5.3538 4.2556 0.0023 0.8082 0.1774
2.3262 1.0752 0.0016 0.0430 0.0004
9.6569 0.0080 0.0001 0.2017 0.0002
6.1598 4.2560 0.0108 1.3620 0.1476
7.1616 0.0079 0.0307 1.9605 0.0310
16.5265 0.0089 0.0031 28.8652 0.0027
8.3364 1.0717 0.0040 0.0010 0.0082
5.5693 4.2555 0.0019 4.6594 0.0429
7.4095 4.6166 0.0232 0.0012 0.0158
0.9389 1.0754 0.0169 0.0344 0.0166
2.3651 0.0079 0.0088 0.0007 0.0088
10.3069 0.0075 0.0001 0.0036 0.0001
11.8629 0.0078 0.0011 0.2070 0.0011
2.4108 0.0076 0.0015 0.0000 0.0015
2.0782 0.0074 0.0006 0.1093 0.0008
9.9579 0.0088 0.0024 0.3112 0.0024
7.4030 4.1456 0.0032 2.3600 0.2337
2.4410 0.0044 0.0048 0.3313 0.0048
5.7206 4.1323 0.0155 0.0013 0.0005
6.0735 0.0016 0.0000 0.2302 0.0000
6.6712 0.0043 0.0030 5.6328 0.0029
2.2585 0.0028 0.0245 0.2819 0.0246
2.3310 0.0020 0.0011 0.0079 0.0011
1.9926 0.0048 0.0001 0.1096 0.0001
7.1846 0.0052 0.0033 0.0334 0.0033
5.3711 0.0056 0.0001 0.0447 0.0001
2.3764 0.0045 0.0044 0.0162 0.0044
2.1324 0.0056 0.0004 0.0470 0.0004
6.8181 0.0011 0.0002 0.3549 0.0002
5.1959 0.0051 0.0132 0.0163 0.0132
7.8870 3.3719 0.0092 0.0164 0.0039
1.9237 0.0040 0.0050 0.3533 0.0050
4.6556 0.0027 0.0743 0.0229 0.0750
2.2281 0.0045 0.0116 0.3736 0.0114
7.2583 1.6214 0.0031 0.6134 0.0322
4.2632 0.0018 0.0001 0.0071 0.0001
1.3662 0.0041 0.0020 0.6814 0.0020
2.7317 0.0033 0.0004 0.0418 0.0004
3.4999 0.0033 0.0020 0.1622 0.0020
3.1984 2.9053 0.0006 0.1512 0.0269
2.1085 0.0041 0.0013 0.0004 0.0013
2.9218 0.0023 0.0004 0.1638 0.0004
3.2333 0.0036 0.0019 0.0168 0.0019
1.7394 0.0044 0.0004 0.0952 0.0004
3.0138 0.0029 0.0007 0.3801 0.0008
2.5420 0.0029 0.0002 0.0705 0.0001
2.9996 0.0017 0.0003 0.0419 0.0004
2.4392 0.0035 0.0003 0.0001 0.0003
2.1158 0.0032 0.0010 0.7938 0.0010
6.7887 0.0032 0.0000 2.8583 0.0000
2.6389 0.0050 0.0027 0.0189 0.0027
1.0677 0.0029 0.0043 0.2498 0.0044
4.6666 0.0028 0.0063 0.0098 0.0062
2.1397 0.0028 0.0001 0.8832 0.0001
2.0259 0.0053 0.0007 0.0928 0.0007
4.1653 0.0031 0.0040 0.1433 0.0039
9.7274 0.0029 0.0236 0.4708 0.0234
16.3907 0.0028 0.0253 0.0651 0.0254
3.5744 0.0016 0.0022 0.1026 0.0022
5.5069 0.0015 0.0118 0.2620 0.0118
13.2282 3.5597 0.0086 0.0183 0.3449
7.0387 0.0027 0.0000 7.3724 0.0000
3.8536 3.5576 0.0010 0.9823 0.0350
16.5273 0.0030 0.0035 0.2988 0.0036
4.8436 3.5596 0.0005 0.3626 0.2421
9.0472 0.0037 0.0050 2.1813 0.0051
4.6095 0.0038 0.0001 0.0616 0.0001
2.2637 3.5613 0.0048 0.3085 0.0010
1.9038 0.0031 0.0081 0.0223 0.0080
2.0332 0.0021 0.0000 0.0109 0.0000
9.7042 0.0033 0.0067 0.6625 0.0067
4.0364 0.0023 0.0018 0.0060 0.0018
1.5074 0.0034 0.0000 0.1965 0.0000
2.6627 0.0028 0.0002 0.0024 0.0003
0.4532 0.0028 0.0134 0.0004 0.0135
1.7404 0.0026 0.0090 0.0655 0.0090
1.3991 0.0013 0.0000 0.0090 0.0000
1.6352 0.0026 0.0009 0.0102 0.0009
1.3395 0.0030 0.0005 0.0270 0.0005
2.6328 0.0048 0.0441 0.1349 0.0440
0.4692 0.0035 0.0096 0.1930 0.0096
1.3744 0.0024 0.0001 0.0490 0.0001
1.6103 0.0031 0.0026 1.4456 0.0026
2.6285 0.0035 0.0062 0.0034 0.0062
5.7051 0.0015 0.0077 0.0027 0.0077
2.3737 0.0031 0.0145 0.3009 0.0143
1.8471 0.0030 0.0064 0.0311 0.0063
1.3732 0.0014 0.0039 0.0425 0.0038
0.6770 0.0020 0.0020 0.0003 0.0019
2.1018 0.0015 0.0109 0.0068 0.0109
0.7952 0.0026 0.1260 0.0882 0.1261
5.4557 2.8465 0.0001 0.0080 0.0045
0.7438 0.0027 0.0075 0.0418 0.0074
1.1964 0.0026 0.0339 0.0019 0.0341
5.6390 0.0032 0.0127 0.0087 0.0127
1.4437 0.0019 0.0007 0.0002 0.0006
1.5471 0.0030 0.0419 0.0895 0.0418
3.1769 0.0021 0.0008 0.0528 0.0008
7.4385 0.0038 0.0000 0.0023 0.0000
7.5249 0.0016 0.0079 1.6571 0.0078
4.8228 0.0023 0.0188 0.0419 0.0187
2.4455 0.0028 0.0083 0.0175 0.0083
3.1785 0.0035 0.0000 0.0001 0.0000
0.6805 0.0039 0.0153 0.4456 0.0152
3.0665 0.0034 0.0034 0.0294 0.0034
2.5134 0.0031 0.0005 0.0050 0.0004
1.1003 0.0024 0.0060 0.0579 0.0059
1.2079 0.0022 0.0022 0.0128 0.0022
2.4007 0.0024 0.0052 1.5195 0.0052
1.1154 0.0029 0.0060 0.0213 0.0061
1.0860 0.0024 0.0061 0.3609 0.0062
3.5676 0.0265 0.0000 0.1577 0.0000
4.3357 0.0222 0.0019 0.3776 0.0020
6.0788 1.2488 0.0013 0.0000 0.0018
4.5744 0.0274 0.0434 0.1472 0.0435
12.4706 0.0303 0.0040 0.0188 0.0043
3.9463 3.6866 0.0268 0.0381 0.0063
4.0196 3.1475 0.0006 0.0635 0.0016
4.0023 2.9394 0.0026 0.0000 0.0021
3.6977 0.0281 0.0345 0.0000 0.0331
3.6739 4.0888 0.0019 0.0639 0.0559
4.5518 4.9428 0.0024 0.8471 0.1735
4.3215 0.0186 0.0024 0.0055 0.0026
3.5739 0.0329 0.0390 0.3905 0.0387
4.0524 0.0283 0.0044 0.4954 0.0045
3.9556 0.0265 0.0000 0.0057 0.0001
4.6773 0.0106 0.0161 0.0027 0.0162
5.3358 2.8599 0.0016 0.2057 0.0504
5.2043 3.9914 0.0318 0.0764 0.0053
4.2038 2.1198 0.0005 0.0376 0.0005
3.5357 1.2021 0.0057 0.0624 0.0183
3.0553 0.0116 0.0262 0.0037 0.0264
3.8515 0.0146 0.0013 0.0669 0.0014
4.8096 0.0134 0.0059 0.0782 0.0058
6.9330 0.0115 0.0025 0.3921 0.0025
6.6512 4.1013 0.0043 0.3006 0.0018
5.0932 3.3444 0.0005 0.3816 0.0104
3.0380 1.2097 0.0013 0.0027 0.0015
3.8736 1.2138 0.0405 0.1288 0.0406
3.0365 0.6544 0.0591 0.0121 0.0847
5.1409 1.2129 0.0215 0.1274 0.0103
4.0567 3.2856 0.0032 0.0016 0.0008
4.1222 1.2099 0.0217 0.0357 0.0167
5.7189 0.0229 0.0005 0.0097 0.0004
4.7860 3.0684 0.0315 0.8686 0.0386
11.9008 0.0206 0.0052 0.0846 0.0051
3.7990 0.0226 0.0027 0.0006 0.0028
7.2838 0.0178 0.0017 0.1006 0.0018
5.9190 4.3020 0.0000 0.0059 0.0286
7.3004 1.8646 0.0004 0.5088 0.0019
5.7409 1.7965 0.0328 0.7011 0.0406
8.5959 4.4710 0.0063 0.4611 0.0092
14.9815 0.0248 0.0010 0.0001 0.0009
4.4519 1.7202 0.0064 0.0904 0.0077
5.3010 3.8278 0.0000 0.7563 0.0024
6.9689 1.1890 0.0136 0.4349 0.0137
6.9677 0.0217 0.0422 0.0233 0.0427
6.0575 2.3278 0.0000 0.0549 0.0004
4.9444 4.4496 0.0089 0.0000 0.0062
6.2157 4.6510 0.0150 0.5323 0.0142
8.5256 2.9795 0.0003 0.0081 0.0523
6.2721 0.0210 0.0038 0.0683 0.0038
6.6078 1.8034 0.0002 0.0705 0.0022
3.8062 3.8673 0.0071 0.0003 0.0973
3.8943 5.1506 0.0371 0.0724 0.0898
3.6621 0.0056 0.0099 0.0688 0.0099
4.1865 0.0174 0.0005 0.0001 0.0004
5.0079 5.8490 0.0077 0.0960 0.0032
4.4329 4.7406 0.0004 0.1201 0.0214
3.9695 2.2408 0.0179 0.0007 0.0000
4.2066 1.2992 0.0121 1.1714 0.0117
4.5275 4.0090 0.0000 0.3923 0.0494
5.0169 0.0092 0.0017 0.0208 0.0016
4.4214 0.0091 0.0015 0.0022 0.0016
5.5227 0.0108 0.0040 0.6906 0.0040
4.6720 0.0132 0.0249 0.0070 0.0251
4.7316 4.2186 0.0404 0.1014 0.0270
4.9112 0.0107 0.0348 0.0038 0.0351
4.6346 0.0096 0.0194 0.1906 0.0196
4.3368 2.2294 0.0029 0.0003 0.0030
5.5819 0.0130 0.0039 0.2513 0.0040
5.0210 0.0186 0.0125 1.3430 0.0126
4.9018 4.2100 0.0001 0.0530 0.0000
5.0318 3.6964 0.0020 0.0521 0.0097
4.7222 4.2362 0.0013 0.1605 0.0001
5.0636 0.0167 0.0236 0.0168 0.0242
4.9688 4.2234 0.0021 0.0002 0.0034
6.1393 2.2509 0.0017 0.0116 0.0024
4.6319 3.2791 0.0083 0.1087 0.0059
5.8875 4.2417 0.0031 0.6293 0.0028
4.5933 5.6659 0.0131 0.0812 0.0011
4.6353 5.3408 0.0050 0.1753 0.0036
4.3564 0.0206 0.0030 1.0749 0.0033
3.2097 0.0135 0.0001 0.0489 0.0001
3.1143 0.4972 0.0003 0.0182 0.0011
3.3039 0.0132 0.0003 0.0337 0.0003
3.3629 1.0796 0.0011 0.0762 0.0095
2.9953 0.4939 0.0120 0.0942 0.0115
3.1780 1.0725 0.0049 0.0006 0.0044
3.4648 0.0171 0.0000 0.2353 0.0000
3.6904 0.0115 0.0005 0.2163 0.0005
3.5643 0.0243 0.0001 0.5389 0.0001
3.5157 2.1073 0.0012 0.3062 0.0001
3.6233 0.0159 0.0136 0.2620 0.0133
3.2672 0.0103 0.0148 0.7208 0.0146
2.8711 1.0850 0.0076 0.0128 0.0006
4.1217 2.0702 0.0075 0.5869 0.0080
3.7853 0.4972 0.0066 0.0009 0.0156
3.5798 0.0125 0.0021 0.0718 0.0021
3.7461 0.0113 0.0197 0.2269 0.0197
3.3581 0.0104 0.0002 0.0063 0.0001
3.5664 2.3283 0.0292 0.0141 0.0534
3.5178 0.0132 0.0007 0.0229 0.0007
4.8445 0.0088 0.0269 0.1808 0.0262
4.9657 4.9990 0.0107 0.0603 0.0009
5.1469 0.0165 0.0033 0.0026 0.0031
3.5021 0.0112 0.0217 0.0050 0.0222
3.9894 0.0111 0.0220 0.4445 0.0216
4.5437 0.0096 0.0000 0.0057 0.0000
4.9093 0.0142 0.0312 1.0720 0.0319
4.5185 4.5739 0.0063 0.0404 0.0173
4.1907 1.8731 0.0005 0.0368 0.0004
3.2293 0.0090 0.0000 4.0702 0.0000
5.5641 0.0124 0.0002 0.0533 0.0002
3.4518 0.0116 0.0126 0.0277 0.0127
3.9482 0.0102 0.0002 0.0424 0.0001
5.2876 0.0106 0.0029 0.0628 0.0031
4.0047 3.6536 0.0001 1.9466 0.0000
4.8432 0.0110 0.0125 0.5762 0.0124
4.8547 0.0151 0.0004 0.0026 0.0004
4.3791 6.7422 0.0164 0.5562 0.0057
4.4979 1.5383 0.0001 0.1519 0.0000
5.9373 4.1664 0.0144 0.0187 0.0181
3.1507 0.0138 0.0041 0.7587 0.0040
3.6345 0.0126 0.0008 0.0864 0.0008
4.2312 3.6523 0.0032 0.3840 0.0069
4.4248 0.0123 0.0011 0.9772 0.0010
3.6408 0.0108 0.0000 0.0192 0.0000
4.1833 3.2961 0.0014 0.5719 0.0006
5.3204 2.0454 0.0002 0.0068 0.0001
6.8926 2.4411 0.0030 0.0190 0.0029
5.2614 2.7528 0.0345 0.0039 0.0494
5.1885 0.0107 0.0076 0.6384 0.0081
3.4836 2.4012 0.0013 0.0967 0.0014
3.7728 3.2917 0.0000 0.0144 0.0003
3.3858 0.0096 0.0000 0.0706 0.0000
4.3684 0.0113 0.0152 0.7200 0.0150
4.6449 3.3191 0.0190 1.5202 0.0158
5.3510 0.0117 0.0035 0.3541 0.0036
3.8992 2.4388 0.0014 1.0522 0.0024
3.8624 0.0084 0.0505 0.3873 0.0514
4.9925 0.0098 0.0176 0.1390 0.0178
4.2991 0.0124 0.0048 0.0873 0.0050
4.5041 0.0175 0.0104 0.0343 0.0104
3.8950 2.5438 0.0002 0.1862 0.0001
4.9719 0.0098 0.0112 0.0518 0.0113
5.2636 1.6003 0.0051 0.6615 0.0093
5.3866 5.1299 0.0002 0.1392 0.0035
4.3267 0.0139 0.0154 0.6810 0.0151
6.6369 3.6471 0.0012 0.0281 0.0063
5.1240 1.6119 0.0040 0.2134 0.0003
4.5899 3.6114 0.0088 0.0877 0.0010
6.2401 4.8267 0.0342 0.1235 0.0132
4.9799 4.4128 0.0212 0.0223 0.0371
4.5163 0.0181 0.0006 0.2361 0.0006
5.0055 2.9965 0.0026 0.0008 0.0231
5.5955 0.0142 0.0147 0.1481 0.0146
4.4048 4.1348 0.0009 0.0770 0.0052
5.9732 3.0086 0.0359 0.5031 0.1246
5.0257 4.5738 0.0012 0.0177 0.0031
5.1552 0.0121 0.0013 0.0052 0.0012
4.1461 0.0173 0.0003 0.0237 0.0002
4.7638 3.1776 0.0006 0.2577 0.0019
4.0088 3.4322 0.0018 0.0188 0.0006
4.1360 0.0212 0.0002 0.3485 0.0002
5.0617 0.0177 0.0006 0.1500 0.0006
4.5305 1.3824 0.0024 3.0948 0.0027
3.5229 0.0127 0.0032 0.2921 0.0032
4.5139 4.5353 0.0209 0.0284 0.0243
3.6293 3.6663 0.0086 0.1295 0.0358
3.7542 0.0140 0.0107 0.0912 0.0108
4.3722 4.0599 0.0044 0.4530 0.0001
3.8867 1.1128 0.0000 0.0699 0.0000
4.8077 0.9321 0.0002 0.3964 0.0007
4.2216 0.9351 0.0001 0.6341 0.0001
4.1657 3.1562 0.0010 0.0000 0.0000
4.9861 0.9329 0.0039 0.7854 0.0039
4.1442 3.2160 0.0228 0.1716 0.0087
3.4541 0.0104 0.0110 0.0224 0.0110
9.3195 0.0112 0.0018 0.0151 0.0017
3.5850 0.0124 0.0019 0.0288 0.0020
3.9341 2.7753 0.0031 0.0035 0.0029
4.6812 0.0090 0.0003 0.1178 0.0003
17.1183 0.0116 0.0002 0.0142 0.0002
12.8216 0.0143 0.0164 1.3262 0.0167
6.9086 0.0171 0.0037 0.0758 0.0037
4.2795 0.0116 0.0037 0.2024 0.0037
6.2077 0.0160 0.0028 0.1603 0.0027
4.7270 0.0114 0.0000 0.0034 0.0000
4.5596 4.4694 0.0173 0.0100 0.0084
5.3004 0.0113 0.0001 0.1216 0.0001
3.9477 0.0129 0.0156 0.0054 0.0156
6.0654 0.0122 0.0011 0.1033 0.0011
4.1297 0.0160 0.0118 0.3203 0.0114
3.0777 0.0151 0.0035 0.5537 0.0037
3.0091 0.0143 0.0001 0.4910 0.0001
3.7481 0.0158 0.0021 0.0682 0.0021
4.1147 0.0216 0.0070 0.1395 0.0068
3.2701 0.0189 0.0014 0.0054 0.0014
2.9404 0.0161 0.0062 0.1379 0.0061
3.5964 0.0156 0.0015 0.0649 0.0016
4.0442 0.0134 0.0003 0.0021 0.0003
6.3576 0.0190 0.0000 0.2883 0.0001
4.0859 0.0159 0.0000 0.0293 0.0000
4.3399 1.3392 0.0000 0.0003 0.0001
3.5649 0.0145 0.0002 0.0032 0.0002
3.4460 0.0124 0.0007 0.0019 0.0006
3.7863 2.9510 0.0285 0.0567 0.0181
3.0620 0.0153 0.0046 0.0072 0.0046
2.9254 0.0122 0.0071 0.0397 0.0070
4.3892 1.3380 0.0083 0.0567 0.0228
5.9182 0.0152 0.0115 0.0052 0.0117
5.4647 1.3390 0.0021 0.7652 0.0021
3.6745 0.0105 0.0243 0.0956 0.0242
3.9076 0.0119 0.0672 0.0029 0.0670
4.5066 0.0122 0.0016 0.1480 0.0016
4.5074 0.0078 0.0241 0.1143 0.0237
10.6198 0.0115 0.0064 0.1435 0.0065
8.2493 2.3499 0.0005 0.0283 0.0061
5.9793 0.0152 0.0026 0.0074 0.0025
9.2756 0.0140 0.0135 0.4979 0.0137
4.6083 0.0105 0.0028 0.0143 0.0029
5.1667 0.0136 0.0000 0.0687 0.0000
4.7511 2.2923 0.0010 0.0021 0.0016
4.9673 0.0138 0.0003 0.0304 0.0003
4.9256 2.2801 0.0000 0.0076 0.0001
4.9375 0.0160 0.0016 0.0011 0.0021
4.8047 0.0098 0.0054 0.0920 0.0056
4.2379 2.3056 0.0000 0.8128 0.0003
4.0486 0.0146 0.0032 0.2988 0.0031
3.8989 0.0107 0.0000 0.0044 0.0000
5.6374 0.0116 0.0234 0.0215 0.0233
4.3164 2.2765 0.0062 0.0177 0.0719
3.0471 0.0089 0.0145 0.3230 0.0146
6.2757 0.0138 0.0110 0.4349 0.0110
4.0310 1.2636 0.0019 0.1232 0.0001
4.6741 3.7807 0.0003 0.0708 0.0002
5.1660 0.9887 0.0003 0.7825 0.0006
3.3981 0.0086 0.0053 0.0022 0.0052
4.0042 3.9323 0.0173 0.0000 0.0177
3.2443 4.2485 0.0006 0.0597 0.0011
3.4685 0.0125 0.0115 0.0232 0.0114
2.6228 0.0115 0.0004 0.0057 0.0004
3.7987 3.4267 0.0009 0.0321 0.0005
4.3856 1.6769 0.0152 0.3048 0.0017
3.0952 0.0084 0.0015 0.0917 0.0016
3.0135 0.0133 0.0005 0.3971 0.0005
6.5624 0.0150 0.0049 0.3403 0.0048
3.1890 1.0833 0.0001 0.0001 0.0014
3.9446 0.9868 0.0015 0.0002 0.0014
3.9840 0.0109 0.0033 0.0261 0.0033
3.7792 1.0738 0.0016 0.0711 0.0032
5.9919 0.0107 0.0043 0.0078 0.0043
9.8832 2.1389 0.0082 0.2324 0.0053
4.3454 3.8603 0.0005 0.1013 0.0054
7.0118 1.7612 0.0131 0.2407 0.0132
7.0618 2.0319 0.0003 0.5798 0.0131
5.1583 4.9529 0.0147 0.0139 0.0614
7.1943 3.8853 0.0003 0.2314 0.0095
5.4041 2.5528 0.0160 0.0131 0.0076
5.6628 2.5846 0.0462 0.0171 0.0100
5.2491 2.0264 0.0059 0.0006 0.0180
4.9844 3.8654 0.0000 0.0909 0.0001
7.9974 2.8809 0.0000 1.0303 0.0014
8.8839 0.0140 0.0031 0.0106 0.0032
6.3326 6.0085 0.0022 0.1886 0.1902
3.5276 1.3946 0.0057 0.0092 0.0056
4.5941 3.6859 0.0162 0.0263 0.0239
4.2783 0.0157 0.0000 0.0401 0.0000
4.2328 4.9087 0.0002 0.5290 0.0006
5.5317 1.8333 0.0080 0.1465 0.0083
4.9285 0.0165 0.0017 0.0475 0.0016
4.1878 0.0166 0.0283 0.0039 0.0277
3.7318 1.4076 0.0045 0.0179 0.0039
4.9562 3.5756 0.0006 0.0962 0.0023
4.3373 4.1460 0.0261 0.1074 0.0107
4.1195 1.3084 0.0174 0.0669 0.0010
4.1535 0.0151 0.0004 0.3673 0.0005
3.3801 0.0124 0.0057 0.4664 0.0058
4.3483 3.6939 0.0130 0.0166 0.0133
4.3583 3.7257 0.0001 0.0362 0.0003
3.2351 0.0097 0.0040 0.0083 0.0040
4.1672 0.0170 0.0000 0.3969 0.0000
4.2856 0.0146 0.0005 0.5424 0.0005
4.1651 0.0118 0.0148 0.0013 0.0148
3.0539 0.0182 0.0088 0.0361 0.0087
5.6662 5.4004 0.0128 1.2559 0.1202
4.3880 0.0081 0.0616 0.0050 0.0622
5.9965 2.6847 0.0067 0.0064 0.0108
5.9998 3.2290 0.0005 0.6087 0.0029
5.2639 3.3952 0.0195 0.1219 0.0274
4.4477 4.8286 0.0064 0.2886 0.1122
6.4878 0.0094 0.0170 0.1789 0.0168
4.8918 0.0123 0.0009 0.0395 0.0008
5.5325 2.7302 0.0090 1.6862 0.0090
5.4741 2.7631 0.0225 0.6151 0.0469
5.8399 3.9728 0.0002 0.1161 0.1285
5.0423 2.7495 0.0017 0.6210 0.0015
4.6595 2.9573 0.0053 0.0281 0.0170
6.1942 0.0135 0.0038 0.0694 0.0038
6.3121 0.0070 0.0138 0.1656 0.0139
7.6258 0.0130 0.0420 0.2486 0.0420
4.8580 0.0066 0.0025 0.2176 0.0025
4.5728 2.7059 0.0224 0.9315 0.1833
5.0791 4.8244 0.0002 0.3140 0.1513
4.8519 3.2089 0.0180 0.0015 0.0154
7.3523 1.4853 0.0221 1.0379 0.0014
8.2685 2.3242 0.0010 0.4306 0.0007
10.2452 4.2674 0.0009 0.2824 0.0003
7.9144 2.3766 0.0098 0.0014 0.0121
7.1370 2.5914 0.0005 0.0404 0.0373
10.6104 5.9486 0.0029 0.1577 0.0059
4.6598 0.0123 0.0058 0.0400 0.0058
6.1021 4.6145 0.0007 0.0514 0.0091
7.7495 1.3221 0.0040 0.0372 0.0035
6.5732 0.0093 0.0005 0.0000 0.0005
4.6818 2.3893 0.0003 0.1331 0.0058
5.3063 0.0208 0.0020 0.2577 0.0020
4.9787 0.0286 0.0600 0.9934 0.0593
8.6347 5.0951 0.0027 0.0658 0.0165
4.8234 2.6527 0.0216 0.2467 0.1104
3.9846 0.0235 0.0211 0.0520 0.0213
7.9136 0.0265 0.0046 0.0148 0.0046
7.3737 1.6044 0.0006 0.1362 0.0007
7.1975 0.0230 0.0001 0.0004 0.0001
8.9329 0.0248 0.0015 0.0442 0.0015
5.0101 0.0234 0.0000 0.0733 0.0000
9.7792 0.0261 0.0144 1.1969 0.0146
5.8180 2.3281 0.0027 1.2212 0.0022
6.1805 1.6158 0.0018 0.1762 0.0001
4.7059 1.5865 0.0292 0.7391 0.0288
4.2082 1.6266 0.0275 0.1223 0.0389
4.9330 0.0227 0.1281 0.0059 0.1278
6.4499 0.0283 0.0094 0.0459 0.0087
5.8658 0.0246 0.0020 0.1848 0.0020
4.7743 3.6800 0.0061 1.3241 0.0071
5.7300 0.0284 0.0000 0.0297 0.0001
11.2480 3.8087 0.0061 3.4936 0.0057
6.8762 0.0129 0.0013 0.0785 0.0012
7.6374 6.7003 0.0001 0.0003 0.0999
7.5052 3.4825 0.0537 11.0424 0.0017
19.5891 0.0082 0.0128 0.0885 0.0131
9.5043 3.4822 0.0230 2.0974 0.0518
6.0353 3.5113 0.0144 0.0118 0.0143
4.6011 3.8244 0.0039 5.9476 0.0002
7.1288 0.0102 0.0037 0.7636 0.0037
8.7352 0.0124 0.0036 0.2374 0.0034
8.4781 0.0145 0.0023 0.0119 0.0024
9.4191 0.0172 0.0001 1.1467 0.0001
12.2689 0.0097 0.0086 3.4805 0.0087
7.5943 3.8066 0.0203 1.3641 0.0341
9.5675 0.0120 0.0003 0.1036 0.0003
7.5213 0.0089 0.0110 2.4713 0.0106
5.5502 0.0121 0.0138 0.0060 0.0137
7.4743 0.0130 0.0000 0.0444 0.0000
8.9551 3.5046 0.0059 0.2694 0.0066
9.1866 8.7762 0.0106 0.0126 0.0792
8.6653 7.5331 0.0114 0.3588 0.0105
7.9256 6.4000 0.0180 0.0972 0.0249
10.1491 9.3803 0.0001 0.2402 0.0064
8.4985 10.3339 0.0094 2.1790 0.0096
9.1508 3.1999 0.0009 3.9939 0.0008
13.6286 9.8350 0.0060 0.0007 0.0387
11.0678 9.0981 0.0063 0.6854 0.0579
9.4953 7.1341 0.0131 0.0305 0.0117
10.2619 7.6086 0.0040 0.0001 0.0015
7.3958 2.9908 0.0008 0.0841 0.0000
7.4215 6.7322 0.0010 0.0036 0.0021
7.4088 6.4380 0.0028 0.1441 0.0014
7.7378 8.6588 0.0353 0.6771 0.0031
8.0745 4.9801 0.0017 1.2442 0.0020
7.5443 6.9231 0.0011 1.9540 0.0548
8.8615 3.9559 0.0000 0.0494 0.0000
8.6352 7.9057 0.0002 0.1977 0.0002
7.4427 6.5242 0.0265 2.7968 0.0082
7.9812 6.4934 0.0025 0.1442 0.0004
7.2252 2.5035 0.0004 0.0243 0.0023
7.8032 8.1508 0.0021 0.0183 0.0000
7.9673 8.0496 0.0062 0.0097 0.0174
6.5894 7.6867 0.0314 0.0412 0.0609
6.3878 5.3323 0.0006 0.0010 0.0026
6.7162 6.1454 0.0000 0.0283 0.0001
11.8071 5.3149 0.0164 0.1277 0.0318
13.1877 8.0363 0.0000 0.0407 0.0293
9.9062 6.5965 0.0070 0.7470 0.0215
8.6353 5.1209 0.0027 0.4801 0.0022
10.5578 10.2440 0.0008 0.0368 0.0100
8.3914 6.1584 0.0008 0.0009 0.0013
7.3992 4.8390 0.0005 0.0086 0.0006
8.1752 7.7650 0.0001 0.5921 0.0036
6.9159 11.3248 0.0018 1.1702 0.0015
6.7015 5.2553 0.0000 0.0225 0.0053
7.1419 6.3424 0.0053 0.0043 0.0321
7.0976 8.0151 0.0023 0.0388 0.0037
6.6557 9.0919 0.0009 0.0023 0.0000
7.9010 10.7251 0.0058 0.2564 0.0117
8.3325 10.6595 0.0000 0.0504 0.0006
9.1529 10.0681 0.0067 0.1564 0.0037
8.2457 12.7607 0.0010 0.0030 0.0232
6.6217 7.3621 0.0427 0.2066 0.0007
6.5558 7.5582 0.0037 0.0109 0.0006
8.3965 8.1706 0.0027 0.1014 0.0164
12.6585 10.6529 0.0072 0.6390 0.0049
9.7629 12.1953 0.0148 0.0003 0.0115
9.1837 2.5828 0.0158 0.0273 0.0164
7.7671 5.4473 0.0044 0.0005 0.0061
9.3256 8.8284 0.0042 0.1104 0.0004
7.9430 4.7211 0.0002 0.0017 0.0346
11.5420 13.7529 0.0000 0.0004 0.0146
9.1850 5.1037 0.0094 2.2519 0.0120
6.7137 2.9900 0.0048 0.0343 0.0011
7.4681 4.2640 0.0023 0.0907 0.0046
6.8830 6.4338 0.0148 0.0234 0.0000
7.0014 8.2546 0.0033 0.0965 0.0064
6.8551 7.5562 0.0033 0.0060 0.0073
7.0796 7.5928 0.0026 0.0030 0.0100
7.4292 5.6473 0.0008 4.7033 0.0000
4.5002 0.0070 0.0345 0.0038 0.0345
3.7868 3.2434 0.0011 0.1671 0.0001
4.0406 0.0079 0.0048 0.2736 0.0048
3.8360 4.2640 0.0000 0.3567 0.0025
3.7323 0.0076 0.0103 0.0255 0.0102
4.3917 0.0066 0.0003 0.1020 0.0003
4.2177 1.5858 0.0017 0.3709 0.0028
4.2004 0.0079 0.0063 0.2142 0.0064
3.9548 2.3656 0.0033 0.2127 0.0035
4.3513 3.2641 0.0161 0.6588 0.2840
3.9433 3.1958 0.0000 0.3072 0.0000
4.3511 3.2257 0.0063 0.0929 0.1820
3.5767 2.3587 0.0170 0.0357 0.0492
4.0746 2.3968 0.0036 0.1554 0.0400
3.8518 0.0074 0.0149 0.0253 0.0149
4.0471 0.0075 0.0009 0.1045 0.0010
4.1137 0.0089 0.0257 1.1622 0.0256
3.3368 0.0046 0.0036 0.0049 0.0036
3.6877 0.0093 0.0291 0.0001 0.0296
3.4842 0.0084 0.0033 0.0581 0.0033
3.3347 0.0067 0.0234 0.0449 0.0235
4.0551 0.0078 0.0024 3.6335 0.0025
3.9368 0.0063 0.0021 0.0148 0.0021
3.4798 0.0084 0.0003 0.4928 0.0003
3.7225 0.0065 0.0674 3.3342 0.0677
3.7562 0.0085 0.0006 1.4450 0.0005
3.6999 0.0079 0.0010 0.0013 0.0010
4.2738 0.0067 0.0079 0.3020 0.0079
3.9917 0.0071 0.0088 0.1585 0.0088
3.4503 0.0066 0.0337 4.3093 0.0330
5.7185 0.0175 0.0001 0.1653 0.0001
5.6866 0.0164 0.0067 0.0051 0.0067
5.0807 3.7022 0.0199 0.0061 0.8077
5.0764 0.0197 0.0027 1.0551 0.0027
4.8260 0.0151 0.0047 0.1363 0.0047
5.7520 0.0188 0.0256 0.3938 0.0252
5.6021 0.0200 0.0002 0.0426 0.0002
2.8030 0.0077 0.0259 0.0898 0.0258
2.7399 0.0063 0.0009 0.0000 0.0008
2.9553 0.0067 0.0004 0.0026 0.0004
2.8467 0.0089 0.0004 0.6525 0.0003
3.2075 0.0081 0.0246 0.0735 0.0246
2.7875 0.0083 0.0021 0.9762 0.0020
2.6502 0.0074 0.0002 0.0902 0.0002
3.3286 0.0084 0.0006 0.0081 0.0007
3.9222 0.0086 0.0028 0.5309 0.0026
3.9185 0.0081 0.0006 0.0041 0.0006
3.7404 0.0075 0.0024 0.0011 0.0022
2.3540 0.0088 0.0063 0.0610 0.0069
2.9736 1.6233 0.0007 0.0985 0.0007
2.3231 0.0062 0.0000 0.0027 0.0000
3.8345 0.0066 0.0025 0.0036 0.0025
3.6729 0.0078 0.0004 0.0499 0.0004
4.7680 0.0057 0.0174 0.2684 0.0170
5.3616 0.0082 0.0000 0.1951 0.0000
3.0220 0.0084 0.0089 0.2531 0.0093
2.8474 0.0083 0.0015 0.5556 0.0014
2.2217 0.0080 0.0051 0.9474 0.0051
1.3258 0.0066 0.0000 0.0095 0.0000
1.3752 0.0071 0.0023 0.0076 0.0023
3.3394 0.0083 0.0230 0.0351 0.0230
3.4208 0.0076 0.0001 0.0090 0.0001
3.3790 0.0087 0.0039 0.0049 0.0040
3.1920 2.7371 0.0136 0.0085 0.1624
3.0490 0.0091 0.0137 0.2163 0.0135
3.5575 3.0033 0.0317 4.0619 0.0255
3.3784 0.0088 0.0014 0.1279 0.0014
3.3478 0.0068 0.0001 0.0012 0.0001
5.5434 0.0061 0.0028 0.1589 0.0028
4.8679 0.0053 0.0054 4.7142 0.0054
3.8564 0.0061 0.0040 0.0036 0.0040
4.1112 0.0066 0.0049 0.0181 0.0049
4.5697 0.0068 0.0050 1.2278 0.0050
4.0129 0.0058 0.0059 0.0757 0.0059
7.4969 0.0231 0.0340 1.7763 0.0342
19.0334 0.0258 0.0099 0.6883 0.0099
11.4380 0.0309 0.0178 0.3961 0.0181
12.3208 0.0226 0.0039 0.7015 0.0038
8.6336 3.9771 0.0062 1.1880 0.0095
7.7899 0.0200 0.0070 1.1536 0.0068
6.9495 0.0267 0.0054 0.0194 0.0051
13.2819 0.0223 0.0030 4.8087 0.0025
10.9038 4.7274 0.0065 0.0220 0.1032
7.9157 0.0187 0.0098 1.2863 0.0096
6.5246 0.0211 0.0160 0.2561 0.0158
6.4770 0.0422 0.0083 0.0004 0.0082
8.1919 3.7028 0.0079 0.1663 0.0087
16.4177 0.0260 0.0000 0.0000 0.0000
11.3845 4.2645 0.0003 0.3543 0.0020
10.0596 0.0206 0.0048 0.5060 0.0050
7.6404 6.0996 0.0001 0.0132 0.0070
8.9358 0.0343 0.0289 1.7074 0.0283
9.7007 0.0182 0.0003 0.1752 0.0004
