0.3485
0.3543
5.9205
1.4802
5.0725
6.6699
6.7046
9.6603
7.3614
7.7834
5.4546
3.3083
3.3677
1.9367
11.9058
10.5116
11.8331
5.9425
1.3249
7.1578
12.4320
4.6529
7.7972
7.6072
7.6205
6.6610
4.0245
7.1687
7.0987
7.7231
6.3292
5.9331
7.1447
7.3664
6.5009
6.3224
5.0006
7.5913
7.2065
7.4517
5.2663
7.3425
2.0679
2.4193
1.9452
1.9085
2.0536
2.1686
2.3489
1.9267
1.8919
1.9384
2.6942
1.9544
2.5107
1.9091
1.8898
3.3133
2.6452
1.8809
2.4781
2.2200
1.9959
2.0621
2.4928
2.4778
1.9543
2.0243
2.9871
3.1237
2.2504
2.1317
2.1007
1.9921
2.3149
2.2536
2.0057
2.2532
2.3402
2.3460
2.2365
3.0175
2.3926
3.1598
3.2754
2.0760
2.5189
4.5858
2.7656
2.0931
3.6900
4.2116
2.1589
2.5957
3.0972
2.2367
1.9077
4.0132
2.1921
2.9739
3.6765
2.6593
0.2228
0.5040
3.3732
0.2018
0.2046
0.2122
0.2231
1.0700
2.3798
0.1902
0.2780
0.3339
0.2058
0.2192
5.8341
0.3013
0.2030
0.1934
0.4732
0.4787
0.4833
0.6858
0.4974
0.5092
0.5041
0.4895
0.5024
0.5552
0.5021
0.5061
0.4980
0.4702
0.4862
0.4839
0.4720
0.5007
0.4782
0.5428
0.9580
0.9875
0.9503
0.9892
0.9885
0.9802
0.9681
0.9423
0.9913
0.9636
0.9517
0.9637
0.9512
0.9694
0.9873
0.9604
0.9825
0.9880
0.9485
0.9691
1.3808
0.8993
1.2799
1.1389
1.0387
0.8851
2.7924
0.6318
1.0514
1.6769
5.0284
7.0904
0.5215
1.1167
0.9896
0.8486
5.3254
1.4505
0.8293
0.4330
0.4466
0.4723
0.4777
0.5900
0.5122
0.4919
0.5141
0.4950
0.4242
0.4877
0.5761
0.4139
0.4984
0.5037
0.5522
0.4836
0.4671
0.5227
0.5983
0.5346
2.1869
0.7445
0.7859
0.5837
0.4017
0.4882
1.1667
0.4224
0.1595
1.2596
0.6968
0.8898
1.8806
2.5384
1.6783
0.7397
6.1571
0.2515
0.4415
3.5608
0.6286
1.8227
0.6749
1.1963
1.5059
1.1053
1.2465
0.9925
0.3199
1.2045
0.3133
1.2143
1.1865
0.3348
1.1844
1.2765
1.3756
1.2192
1.4769
0.9046
1.7697
1.7906
1.7571
1.7962
1.7375
1.7958
1.7767
1.7489
1.7594
1.7598
1.7869
1.8033
1.7805
1.7702
1.7963
1.7654
1.7462
1.8080
1.7574
1.7658
4.1183
3.0272
3.9335
3.3477
4.9307
3.2174
2.9847
3.9473
5.9220
4.3151
3.8319
4.9859
4.3057
4.5194
5.3039
5.7435
3.1536
5.5280
3.4594
4.5395
0.4573
0.9056
1.0928
2.5738
0.3777
0.6852
2.9496
1.5934
1.9562
0.8505
0.7394
0.4032
0.5433
0.5356
0.7184
0.9524
0.2564
1.4319
0.6092
0.4631
6.2377
1.7189
2.7004
7.7811
8.7179
7.6767
1.5042
6.8201
2.4454
1.5468
1.7481
7.8060
1.8878
9.1774
6.0122
1.5445
6.6861
1.6990
1.3731
6.0104
0.7964
0.7027
0.6625
0.9646
0.7960
0.8406
0.8837
0.8950
0.6326
0.6925
0.8202
0.7126
0.8589
0.6181
0.8032
0.7624
0.6658
0.6730
0.7132
0.8148
1.7449
1.4711
1.4786
1.5034
1.5635
1.5075
1.4682
1.4958
0.9791
1.4188
1.5454
1.5068
1.6572
0.2387
1.5409
1.5856
1.5601
1.5603
1.3474
1.4626
7.8466
4.8505
5.2473
3.5981
3.7269
5.1167
9.0607
15.4198
5.9625
7.5911
14.1498
16.0085
9.3404
12.1506
3.1134
5.3263
8.7298
4.4432
3.5275
9.6607
0.3781
0.4752
0.3160
0.3854
0.4996
0.6693
0.4116
0.3530
0.6351
0.5288
0.3314
0.4343
0.3660
0.4740
0.3694
0.3620
0.4340
0.3473
0.3515
0.3789
4.7168
4.0883
2.1965
4.7315
5.3350
2.8887
1.7662
4.5154
4.7157
7.5059
3.2878
3.8363
5.0281
3.9451
1.3538
2.7258
2.5318
4.4334
3.3021
5.5703
1.0696
0.9126
2.5344
2.3252
3.0390
1.0413
2.5041
2.7332
2.2092
1.3224
2.5148
1.0498
1.1198
1.2784
2.3594
2.3837
1.1689
1.0820
1.1132
0.9630
0.3922
0.4194
0.3154
0.3017
0.2946
0.3224
0.4903
0.6385
0.2925
0.3096
0.4441
0.4743
0.7488
0.5869
0.7501
0.5643
0.4846
0.4302
0.2423
0.6627
3.1787
3.1094
3.4314
2.1985
1.4700
1.4501
1.5275
4.1787
2.1685
6.3005
2.3167
1.6974
7.1767
2.0267
3.5360
2.7533
1.1821
6.9883
1.6929
4.5746
0.6049
0.2254
0.3915
0.3609
0.3307
0.3693
0.2999
0.2468
0.6036
0.1769
0.1288
0.2684
0.4116
0.1938
0.1988
0.2274
0.1635
0.1890
0.3061
0.3010
1.2187
1.4856
0.7859
1.0672
1.9729
2.5133
1.1583
0.8604
1.2564
3.1628
1.1458
1.8395
2.6408
2.0076
1.2267
2.5258
1.3967
2.9246
1.3579
2.4640
3.5445
5.8301
3.9375
4.4599
3.2829
3.9243
3.5290
3.9973
3.4179
1.6566
5.9287
3.9588
3.8151
4.0769
3.3548
5.4400
5.0060
5.6706
6.0249
4.7705
3.1086
3.5503
1.8620
2.0015
3.3538
3.4002
2.2596
3.1751
3.7822
5.1565
1.0124
2.3783
3.8992
10.1592
4.1395
1.6691
1.1897
1.5716
2.6004
1.4267
1.6968
1.7051
1.6007
1.2946
2.3018
0.9628
2.8287
1.2266
2.7550
1.8280
2.2245
3.1454
2.0060
10.0234
1.9142
6.5779
1.4379
2.3179
1.9593
1.8273
12.8763
9.6311
10.3134
13.0080
16.4158
11.7515
11.8970
10.3709
13.6874
11.5104
15.5607
12.4608
10.8661
14.1917
10.7846
13.6429
14.0641
11.4960
9.5481
16.0067
1.6443
2.3457
0.9388
0.8115
6.0371
4.0870
3.7532
1.5363
1.8127
1.9560
2.0724
4.1956
3.8404
1.0116
3.6940
1.4320
4.3591
3.0120
2.7490
1.8430
4.4506
2.6977
2.7757
1.0543
2.3859
2.6595
3.1672
1.2044
1.2101
1.2497
2.9223
3.8767
4.0979
2.1546
4.3043
1.2310
2.8399
3.2722
2.3539
1.9988
1.2683
1.3271
1.3644
1.6261
1.2512
2.0967
2.2895
1.2849
1.5645
0.9358
1.3653
3.1333
1.1881
2.0965
1.4376
1.2816
1.4302
0.9296
2.4715
1.3129
1.4997
0.9241
1.3354
1.1439
1.0457
1.4216
1.5445
1.5553
1.4600
0.8351
0.6608
1.2526
0.7689
0.8454
1.4831
1.6074
0.8925
1.6788
0.7511
1.3912
5.3538
2.3262
9.6569
6.1598
7.1616
16.5265
8.3364
5.5693
7.4095
0.9389
2.3651
10.3069
11.8629
2.4108
2.0782
9.9579
7.4030
2.4410
5.7206
6.0735
6.6712
2.2585
2.3310
1.9926
7.1846
5.3711
2.3764
2.1324
6.8181
5.1959
7.8870
1.9237
4.6556
2.2281
7.2583
4.2632
1.3662
2.7317
3.4999
3.1984
2.1085
2.9218
3.2333
1.7394
3.0138
2.5420
2.9996
2.4392
2.1158
6.7887
2.6389
1.0677
4.6666
2.1397
2.0259
4.1653
9.7274
16.3907
3.5744
5.5069
13.2282
7.0387
3.8536
16.5273
4.8436
9.0472
4.6095
2.2637
1.9038
2.0332
9.7042
4.0364
1.5074
2.6627
0.4532
1.7404
1.3991
1.6352
1.3395
2.6328
0.4692
1.3744
1.6103
2.6285
5.7051
2.3737
1.8471
1.3732
0.6770
2.1018
0.7952
5.4557
0.7438
1.1964
5.6390
1.4437
1.5471
3.1769
7.4385
7.5249
4.8228
2.4455
3.1785
0.6805
3.0665
2.5134
1.1003
1.2079
2.4007
1.1154
1.0860
3.5676
4.3357
6.0788
4.5744
12.4706
3.9463
4.0196
4.0023
3.6977
3.6739
4.5518
4.3215
3.5739
4.0524
3.9556
4.6773
5.3358
5.2043
4.2038
3.5357
3.0553
3.8515
4.8096
6.9330
6.6512
5.0932
3.0380
3.8736
3.0365
5.1409
4.0567
4.1222
5.7189
4.7860
11.9008
3.7990
7.2838
5.9190
7.3004
5.7409
8.5959
14.9815
4.4519
5.3010
6.9689
6.9677
6.0575
4.9444
6.2157
8.5256
6.2721
6.6078
3.8062
3.8943
3.6621
4.1865
5.0079
4.4329
3.9695
4.2066
4.5275
5.0169
4.4214
5.5227
4.6720
4.7316
4.9112
4.6346
4.3368
5.5819
5.0210
4.9018
5.0318
4.7222
5.0636
4.9688
6.1393
4.6319
5.8875
4.5933
4.6353
4.3564
3.2097
3.1143
3.3039
3.3629
2.9953
3.1780
3.4648
3.6904
3.5643
3.5157
3.6233
3.2672
2.8711
4.1217
3.7853
3.5798
3.7461
3.3581
3.5664
3.5178
4.8445
4.9657
5.1469
3.5021
3.9894
4.5437
4.9093
4.5185
4.1907
3.2293
5.5641
3.4518
3.9482
5.2876
4.0047
4.8432
4.8547
4.3791
4.4979
5.9373
3.1507
3.6345
4.2312
4.4248
3.6408
4.1833
5.3204
6.8926
5.2614
5.1885
3.4836
3.7728
3.3858
4.3684
4.6449
5.3510
3.8992
3.8624
4.9925
4.2991
4.5041
3.8950
4.9719
5.2636
5.3866
4.3267
6.6369
5.1240
4.5899
6.2401
4.9799
4.5163
5.0055
5.5955
4.4048
5.9732
5.0257
5.1552
4.1461
4.7638
4.0088
4.1360
5.0617
4.5305
3.5229
4.5139
3.6293
3.7542
4.3722
3.8867
4.8077
4.2216
4.1657
4.9861
4.1442
3.4541
9.3195
3.5850
3.9341
4.6812
17.1183
12.8216
6.9086
4.2795
6.2077
4.7270
4.5596
5.3004
3.9477
6.0654
4.1297
3.0777
3.0091
3.7481
4.1147
3.2701
2.9404
3.5964
4.0442
6.3576
4.0859
4.3399
3.5649
3.4460
3.7863
3.0620
2.9254
4.3892
5.9182
5.4647
3.6745
3.9076
4.5066
4.5074
10.6198
8.2493
5.9793
9.2756
4.6083
5.1667
4.7511
4.9673
4.9256
4.9375
4.8047
4.2379
4.0486
3.8989
5.6374
4.3164
3.0471
6.2757
4.0310
4.6741
5.1660
3.3981
4.0042
3.2443
3.4685
2.6228
3.7987
4.3856
3.0952
3.0135
6.5624
3.1890
3.9446
3.9840
3.7792
5.9919
9.8832
4.3454
7.0118
7.0618
5.1583
7.1943
5.4041
5.6628
5.2491
4.9844
7.9974
8.8839
6.3326
3.5276
4.5941
4.2783
4.2328
5.5317
4.9285
4.1878
3.7318
4.9562
4.3373
4.1195
4.1535
3.3801
4.3483
4.3583
3.2351
4.1672
4.2856
4.1651
3.0539
5.6662
4.3880
5.9965
5.9998
5.2639
4.4477
6.4878
4.8918
5.5325
5.4741
5.8399
5.0423
4.6595
6.1942
6.3121
7.6258
4.8580
4.5728
5.0791
4.8519
7.3523
8.2685
10.2452
7.9144
7.1370
10.6104
4.6598
6.1021
7.7495
6.5732
4.6818
5.3063
4.9787
8.6347
4.8234
3.9846
7.9136
7.3737
7.1975
8.9329
5.0101
9.7792
5.8180
6.1805
4.7059
4.2082
4.9330
6.4499
5.8658
4.7743
5.7300
11.2480
6.8762
7.6374
7.5052
19.5891
9.5043
6.0353
4.6011
7.1288
8.7352
8.4781
9.4191
12.2689
7.5943
9.5675
7.5213
5.5502
7.4743
8.9551
9.1866
8.6653
7.9256
10.1491
8.4985
9.1508
13.6286
11.0678
9.4953
10.2619
7.3958
7.4215
7.4088
7.7378
8.0745
7.5443
8.8615
8.6352
7.4427
7.9812
7.2252
7.8032
7.9673
6.5894
6.3878
6.7162
11.8071
13.1877
9.9062
8.6353
10.5578
8.3914
7.3992
8.1752
6.9159
6.7015
7.1419
7.0976
6.6557
7.9010
8.3325
9.1529
8.2457
6.6217
6.5558
8.3965
12.6585
9.7629
9.1837
7.7671
9.3256
7.9430
11.5420
9.1850
6.7137
7.4681
6.8830
7.0014
6.8551
7.0796
7.4292
4.5002
3.7868
4.0406
3.8360
3.7323
4.3917
4.2177
4.2004
3.9548
4.3513
3.9433
4.3511
3.5767
4.0746
3.8518
4.0471
4.1137
3.3368
3.6877
3.4842
3.3347
4.0551
3.9368
3.4798
3.7225
3.7562
3.6999
4.2738
3.9917
3.4503
5.7185
5.6866
5.0807
5.0764
4.8260
5.7520
5.6021
2.8030
2.7399
2.9553
2.8467
3.2075
2.7875
2.6502
3.3286
3.9222
3.9185
3.7404
2.3540
2.9736
2.3231
3.8345
3.6729
4.7680
5.3616
3.0220
2.8474
2.2217
1.3258
1.3752
3.3394
3.4208
3.3790
3.1920
3.0490
3.5575
3.3784
3.3478
5.5434
4.8679
3.8564
4.1112
4.5697
4.0129
7.4969
19.0334
11.4380
12.3208
8.6336
7.7899
6.9495
13.2819
10.9038
7.9157
6.5246
6.4770
8.1919
16.4177
11.3845
10.0596
7.6404
8.9358
9.7007
