# x_0^0.0 x_0^1.0 x_0^4.0 x_0^7.0 
1.000000 -0.721577 0.271101 -0.101855 -1.486721
1.000000 0.705045 0.247097 0.086600 -0.115203
1.000000 0.041704 0.000003 0.000000 0.163880
1.000000 -0.511072 0.068223 -0.009107 0.480101
1.000000 0.569144 0.104928 0.019344 1.454367
1.000000 -0.313242 0.009628 -0.000296 0.332092
1.000000 -0.812403 0.435598 -0.233561 -1.602172
1.000000 -0.362887 0.017341 -0.000829 2.041323
1.000000 0.733235 0.289049 0.113946 -0.260682
1.000000 0.617914 0.145785 0.034395 -1.542308
1.000000 -0.075105 0.000032 -0.000000 1.601923
1.000000 -0.669276 0.200641 -0.060150 2.128078
1.000000 -0.255705 0.004275 -0.000071 0.151213
1.000000 0.862833 0.554251 0.356030 1.125035
1.000000 -0.194415 0.001429 -0.000010 0.071905
1.000000 -0.554650 0.094640 -0.016148 -1.410948
1.000000 0.787446 0.384488 0.187735 -1.688121
1.000000 -0.943307 0.791794 -0.664617 -1.314302
1.000000 -0.490299 0.057789 -0.006811 -1.550351
1.000000 -0.135990 0.000342 -0.000001 -1.450877
1.000000 -0.178468 0.001014 -0.000006 1.647275
1.000000 -0.238335 0.003227 -0.000044 -1.514797
1.000000 -0.180795 0.001068 -0.000006 -1.234847
1.000000 0.248364 0.003805 0.000058 -1.363634
1.000000 -0.751489 0.318926 -0.135350 -1.744248
1.000000 -0.243209 0.003499 -0.000050 0.319792
1.000000 0.522814 0.074712 0.010677 1.513540
1.000000 0.766712 0.345564 0.155749 -1.729624
1.000000 0.384902 0.021948 0.001252 -0.181561
1.000000 -0.169188 0.000819 -0.000004 -1.415804
1.000000 0.674182 0.206590 0.063305 1.415043
1.000000 -0.460447 0.044949 -0.004388 0.521555
1.000000 0.275893 0.005794 0.000122 1.606467
1.000000 -0.254029 0.004164 -0.000068 1.652249
1.000000 -0.497164 0.061094 -0.007508 1.921314
1.000000 -0.356379 0.016130 -0.000730 -1.397166
1.000000 -0.199112 0.001572 -0.000012 0.142400
1.000000 0.902151 0.662395 0.486357 -0.161208
1.000000 0.716676 0.263809 0.097109 -1.816465
1.000000 0.657822 0.187255 0.053304 -0.287268
1.000000 -0.010001 0.000000 -0.000000 -1.576200
1.000000 -0.845466 0.510958 -0.308798 2.834227
1.000000 -0.063167 0.000016 -0.000000 1.888459
1.000000 -0.060365 0.000013 -0.000000 0.423268
1.000000 0.004167 0.000000 0.000000 -1.286422
1.000000 -0.775709 0.362072 -0.169002 -1.660777
1.000000 -0.429872 0.034147 -0.002713 0.559171
1.000000 -0.911912 0.691531 -0.524409 1.712609
1.000000 -0.672669 0.204742 -0.062318 -1.539130
1.000000 0.190659 0.001321 0.000009 1.679241
1.000000 -0.448697 0.040533 -0.003662 -1.289273
1.000000 -0.620514 0.148254 -0.035421 1.877645
1.000000 0.377230 0.020250 0.001087 -0.270312
1.000000 0.664051 0.194450 0.056939 -0.066387
1.000000 0.076688 0.000035 0.000000 0.044904
1.000000 0.354690 0.015827 0.000706 -0.197532
1.000000 -0.037839 0.000002 -0.000000 1.614752
1.000000 0.413726 0.029299 0.002075 1.623429
1.000000 -0.297117 0.007793 -0.000204 -1.551745
1.000000 0.191773 0.001353 0.000010 0.005671
1.000000 0.794194 0.397838 0.199290 -1.726898
1.000000 0.459821 0.044705 0.004346 1.327330
1.000000 0.998521 0.994098 0.989695 -0.043162
1.000000 -0.984505 0.939445 -0.896447 1.850419
1.000000 -0.384944 0.021958 -0.001253 0.376878
1.000000 -0.061585 0.000014 -0.000000 1.673109
1.000000 0.314095 0.009733 0.000302 -1.356613
1.000000 0.875105 0.586462 0.393024 -2.455765
1.000000 0.399112 0.025373 0.001613 1.554011
1.000000 -0.590392 0.121496 -0.025002 -1.562807
1.000000 0.174323 0.000923 0.000005 1.651207
1.000000 0.764534 0.341655 0.152679 1.271765
1.000000 -0.431454 0.034653 -0.002783 -1.160049
1.000000 0.702410 0.243424 0.084360 1.466568
1.000000 0.299448 0.008041 0.000216 1.494640
1.000000 -0.235822 0.003093 -0.000041 1.846018
1.000000 -0.810917 0.432419 -0.230586 2.679659
1.000000 0.876601 0.590483 0.397752 -2.254358
1.000000 0.326339 0.011342 0.000394 1.545024
1.000000 0.150967 0.000519 0.000002 1.447410
1.000000 -0.289737 0.007047 -0.000171 1.752628
1.000000 0.430511 0.034351 0.002741 1.614675
1.000000 -0.072789 0.000028 -0.000000 1.714146
1.000000 -0.846416 0.513259 -0.311235 -1.609824
1.000000 -0.027501 0.000001 -0.000000 1.778119
1.000000 -0.504966 0.065020 -0.008372 -1.555537
1.000000 0.213220 0.002067 0.000020 -0.109562
1.000000 0.922192 0.723245 0.567217 0.968581
1.000000 0.923861 0.728494 0.574442 -0.209589
1.000000 0.427973 0.033548 0.002630 -1.202603
1.000000 0.062171 0.000015 0.000000 -1.292734
1.000000 -0.762826 0.338612 -0.150307 -1.610229
1.000000 0.772709 0.356504 0.164480 -0.164838
1.000000 0.959198 0.846514 0.747067 0.560335
1.000000 0.324002 0.011020 0.000375 1.639998
1.000000 0.498917 0.061960 0.007695 1.505399
1.000000 -0.851980 0.526888 -0.325842 1.218960
1.000000 0.835876 0.488166 0.285097 -2.227600
1.000000 -0.265326 0.004956 -0.000093 1.673390
1.000000 -0.379213 0.020679 -0.001128 -1.467899
1.000000 0.247447 0.003749 0.000057 1.441550
1.000000 0.778383 0.367092 0.173123 -1.819076
1.000000 0.808548 0.427390 0.225914 1.155221
1.000000 0.589997 0.121172 0.024886 -1.391070
1.000000 -0.076141 0.000034 -0.000000 0.213881
1.000000 -0.518650 0.072360 -0.010095 0.704082
1.000000 -0.018715 0.000000 -0.000000 1.614029
1.000000 0.666155 0.196925 0.058214 1.479109
1.000000 -0.805694 0.421386 -0.220389 -1.708446
1.000000 0.380578 0.020979 0.001156 1.420221
1.000000 -0.160251 0.000659 -0.000003 1.761964
1.000000 0.454860 0.042807 0.004029 -0.072262
1.000000 0.751062 0.318202 0.134812 -1.781187
1.000000 0.955454 0.833372 0.726888 0.680057
1.000000 0.402360 0.026209 0.001707 -1.544136
1.000000 -0.576206 0.110233 -0.021088 2.119708
1.000000 -0.287405 0.006823 -0.000162 1.906573
1.000000 -0.552259 0.093019 -0.015668 0.623831
1.000000 -0.897208 0.647997 -0.468008 1.707123
1.000000 -0.178679 0.001019 -0.000006 -1.342567
1.000000 -0.926966 0.738338 -0.588094 1.653226
1.000000 -0.948464 0.809250 -0.690469 1.528668
1.000000 -0.618152 0.146010 -0.034488 -1.648502
1.000000 -0.587297 0.118968 -0.024099 2.011625
1.000000 0.091872 0.000071 0.000000 -1.345878
1.000000 -0.134556 0.000328 -0.000001 -1.404924
1.000000 -0.393170 0.023896 -0.001452 1.673261
1.000000 0.966609 0.872980 0.788419 -0.110681
1.000000 0.211396 0.001997 0.000019 -1.261635
1.000000 0.196875 0.001502 0.000011 -1.313699
1.000000 -0.585357 0.117404 -0.023548 -1.449478
1.000000 0.004671 0.000000 0.000000 -1.321975
1.000000 -0.002522 0.000000 -0.000000 1.659380
1.000000 -0.830282 0.475230 -0.272008 1.164131
1.000000 -0.485658 0.055632 -0.006373 2.048298
1.000000 -0.030582 0.000001 -0.000000 0.297446
1.000000 0.070133 0.000024 0.000000 1.745516
1.000000 0.010419 0.000000 0.000000 0.272934
1.000000 -0.513212 0.069373 -0.009377 0.457776
1.000000 -0.328986 0.011714 -0.000417 -1.450348
1.000000 -0.976619 0.909704 -0.847375 -1.255789
1.000000 -0.126107 0.000253 -0.000001 -1.390055
1.000000 0.183509 0.001134 0.000007 -1.231474
1.000000 -0.359221 0.016651 -0.000772 -1.453542
1.000000 -0.070285 0.000024 -0.000000 -1.346741
1.000000 -0.380559 0.020974 -0.001156 1.940072
1.000000 0.953849 0.827787 0.718386 0.684801
1.000000 -0.150445 0.000512 -0.000002 -1.395555
1.000000 0.182641 0.001113 0.000007 1.554691
1.000000 -0.441736 0.038076 -0.003282 -1.368267
1.000000 -0.881088 0.602667 -0.412226 1.566797
1.000000 -0.858409 0.542972 -0.343447 1.207043
1.000000 -0.848520 0.518381 -0.316691 -1.664251
1.000000 0.867911 0.567416 0.370960 -2.190235
1.000000 -0.137229 0.000355 -0.000001 0.199351
1.000000 0.689642 0.226202 0.074194 -0.261743
1.000000 0.405808 0.027119 0.001812 1.425776
1.000000 -0.894617 0.640543 -0.458627 3.198137
1.000000 -0.974124 0.900446 -0.832341 -1.306442
1.000000 -0.205397 0.001780 -0.000015 1.772920
1.000000 0.112629 0.000161 0.000000 0.058842
1.000000 0.049414 0.000006 0.000000 0.059144
1.000000 -0.837474 0.491909 -0.288934 -1.526710
1.000000 0.433052 0.035169 0.002856 1.548454
1.000000 0.617572 0.145462 0.034262 -0.134383
1.000000 0.963792 0.862847 0.772475 -3.318206
1.000000 0.663752 0.194099 0.056760 -1.558140
1.000000 -0.901333 0.659997 -0.483279 1.533472
1.000000 0.192106 0.001362 0.000010 -1.205275
1.000000 0.297404 0.007823 0.000206 1.538130
1.000000 0.748872 0.314507 0.132085 -0.131695
1.000000 0.688549 0.224770 0.073374 -0.278235
1.000000 0.461967 0.045545 0.004490 1.357148
1.000000 -0.176985 0.000981 -0.000005 0.233278
1.000000 -0.306524 0.008828 -0.000254 -1.418286
1.000000 -0.546928 0.089479 -0.014639 -1.388821
1.000000 0.127705 0.000266 0.000001 -1.333064
1.000000 -0.734368 0.290841 -0.115185 -1.567175
1.000000 -0.211477 0.002000 -0.000019 -1.222919
1.000000 0.357947 0.016416 0.000753 -0.224235
1.000000 -0.753550 0.322439 -0.137970 2.328574
1.000000 0.582613 0.115218 0.022786 -1.393076
1.000000 0.214688 0.002124 0.000021 1.528370
1.000000 0.599782 0.129411 0.027922 -0.113743
1.000000 0.564702 0.101690 0.018312 1.532445
1.000000 -0.768465 0.348736 -0.158260 2.352165
1.000000 0.268061 0.005163 0.000099 -1.328260
1.000000 -0.528529 0.078032 -0.011521 0.449249
1.000000 -0.824835 0.462880 -0.259759 1.226348
1.000000 0.998123 0.992511 0.986931 0.131846
1.000000 0.187751 0.001243 0.000008 -0.098795
1.000000 -0.708630 0.252162 -0.089730 1.950803
1.000000 -0.883676 0.609777 -0.420775 -1.521793
1.000000 -0.744577 0.307354 -0.126872 2.546881
1.000000 -0.787117 0.383847 -0.187187 2.580088
1.000000 0.690226 0.226968 0.074634 1.441579
1.000000 -0.558300 0.097156 -0.016907 1.988130
1.000000 0.886684 0.618123 0.430904 -0.102340
1.000000 0.435963 0.036124 0.002993 -0.255515
1.000000 0.192483 0.001373 0.000010 -0.044165
1.000000 0.756379 0.327309 0.141637 -1.721517
1.000000 -0.471742 0.049524 -0.005199 0.575261
1.000000 -0.478494 0.052421 -0.005743 -1.627947
1.000000 0.733600 0.289626 0.114345 -1.742691
1.000000 0.251662 0.004011 0.000064 0.032184
1.000000 0.275176 0.005734 0.000119 -0.130734
1.000000 -0.576712 0.110621 -0.021218 -1.615170
1.000000 0.522634 0.074609 0.010651 1.363660
1.000000 0.864344 0.558143 0.360417 -0.063734
1.000000 0.540843 0.085563 0.013536 -0.191133
1.000000 -0.139452 0.000378 -0.000001 1.870929
1.000000 0.489406 0.057369 0.006725 1.270447
1.000000 0.345362 0.014226 0.000586 1.411452
1.000000 -0.626331 0.153892 -0.037812 0.857498
1.000000 0.502901 0.063963 0.008135 1.294189
1.000000 -0.551858 0.092749 -0.015588 -1.494429
1.000000 0.743237 0.305147 0.125282 -0.162089
1.000000 0.207240 0.001845 0.000016 -1.401303
1.000000 0.565680 0.102396 0.018535 -1.468757
1.000000 -0.935430 0.765676 -0.626728 1.624148
1.000000 0.090948 0.000068 0.000000 1.878581
1.000000 -0.242997 0.003487 -0.000050 -1.527056
1.000000 0.831888 0.478915 0.275710 -0.118484
1.000000 -0.268975 0.005234 -0.000102 0.360652
1.000000 -0.069422 0.000023 -0.000000 -1.447156
1.000000 0.575218 0.109479 0.020837 -0.378830
1.000000 0.993881 0.975747 0.957944 0.096885
1.000000 -0.465811 0.047080 -0.004758 -1.608915
1.000000 0.718273 0.266169 0.098634 -1.561581
1.000000 0.637314 0.164974 0.042705 1.389227
1.000000 -0.352625 0.015462 -0.000678 -1.557627
1.000000 -0.357324 0.016302 -0.000744 1.879344
1.000000 0.122753 0.000227 0.000000 1.755927
1.000000 0.256557 0.004332 0.000073 -1.403088
1.000000 0.272290 0.005497 0.000111 -0.113921
1.000000 0.646763 0.174977 0.047339 1.340912
1.000000 0.763832 0.340401 0.151700 -1.753818
1.000000 0.610314 0.138744 0.031541 -0.390212
1.000000 0.099440 0.000098 0.000000 1.592266
1.000000 -0.349894 0.014988 -0.000642 0.372804
1.000000 0.033092 0.000001 0.000000 -1.071324
1.000000 -0.789997 0.389495 -0.192034 2.670009
1.000000 -0.111010 0.000152 -0.000000 -1.434073
1.000000 -0.756584 0.327663 -0.141905 -1.704962
1.000000 -0.702936 0.244154 -0.084803 1.011179
1.000000 -0.241866 0.003422 -0.000048 0.411257
1.000000 -0.663911 0.194285 -0.056855 -1.566881
1.000000 0.882592 0.606793 0.417178 -2.493775
1.000000 -0.996021 0.984178 -0.972477 4.204489
1.000000 -0.990291 0.961725 -0.933983 2.026084
1.000000 -0.928990 0.744807 -0.597140 1.659586
1.000000 0.648923 0.177326 0.048456 -0.115334
1.000000 -0.001657 0.000000 -0.000000 1.685681
1.000000 -0.508450 0.066833 -0.008785 -1.609039
1.000000 0.035616 0.000002 0.000000 0.199858
1.000000 0.886535 0.617709 0.430400 -0.132974
1.000000 -0.306698 0.008848 -0.000255 0.216670
1.000000 0.231952 0.002895 0.000036 -1.444410
1.000000 0.394879 0.024314 0.001497 -1.380644
1.000000 0.792343 0.394141 0.196061 -0.129148
1.000000 0.658964 0.188559 0.053955 -0.291460
1.000000 0.014407 0.000000 0.000000 -1.445141
1.000000 -0.918321 0.711179 -0.550761 3.226471
1.000000 0.676330 0.209235 0.064731 1.266687
1.000000 0.655551 0.184683 0.052029 -0.210678
1.000000 -0.907049 0.676896 -0.505143 -1.591864
1.000000 -0.424967 0.032615 -0.002503 -1.478246
1.000000 0.315086 0.009856 0.000308 1.559958
1.000000 -0.826559 0.466761 -0.263582 1.071710
1.000000 -0.206967 0.001835 -0.000016 1.876540
1.000000 -0.423632 0.032207 -0.002449 2.050011
1.000000 -0.410924 0.028513 -0.001978 1.855926
1.000000 0.137894 0.000362 0.000001 1.583033
1.000000 -0.029398 0.000001 -0.000000 -0.013721
1.000000 -0.124605 0.000241 -0.000000 1.778523
1.000000 -0.575780 0.109907 -0.020979 2.062469
1.000000 -0.405577 0.027058 -0.001805 -1.342695
1.000000 -0.086511 0.000056 -0.000000 -1.342346
1.000000 0.886617 0.617938 0.430679 0.833446
1.000000 0.950930 0.817699 0.703135 0.074397
1.000000 0.911513 0.690322 0.522806 -0.212864
1.000000 0.942927 0.790518 0.662744 0.030493
1.000000 0.089431 0.000064 0.000000 -1.409129
1.000000 0.748821 0.314421 0.132022 -1.527812
1.000000 0.320547 0.010558 0.000348 -1.413336
1.000000 0.709433 0.253306 0.090444 -0.223288
1.000000 -0.080756 0.000043 -0.000000 -1.263639
1.000000 0.062914 0.000016 0.000000 1.609617
1.000000 0.458552 0.044214 0.004263 -1.371139
1.000000 -0.023933 0.000000 -0.000000 0.119919
1.000000 -0.465997 0.047156 -0.004772 0.571777
1.000000 -0.042804 0.000003 -0.000000 0.111805
1.000000 0.987541 0.951087 0.915978 0.403422
1.000000 0.543437 0.087216 0.013997 1.318090
1.000000 -0.680062 0.213892 -0.067273 2.442687
1.000000 0.514004 0.069802 0.009479 1.486914
1.000000 -0.665049 0.195621 -0.057541 2.400790
1.000000 -0.105377 0.000123 -0.000000 1.652046
1.000000 0.002330 0.000000 0.000000 0.129979
1.000000 0.392779 0.023801 0.001442 -1.503810
1.000000 -0.867122 0.565355 -0.368606 2.891002
1.000000 -0.875449 0.587384 -0.394107 3.043025
1.000000 0.791519 0.392505 0.194639 -0.346597
1.000000 -0.670712 0.202369 -0.061060 0.889955
1.000000 -0.970498 0.887112 -0.810890 1.840055
1.000000 0.767148 0.346352 0.156371 -1.643360
1.000000 -0.878637 0.595989 -0.404266 3.102808
1.000000 0.486520 0.056027 0.006452 1.625294
1.000000 0.204313 0.001743 0.000015 -1.346916
1.000000 0.244944 0.003600 0.000053 1.611485
1.000000 0.226766 0.002644 0.000031 0.078596
1.000000 -0.038972 0.000002 -0.000000 -1.531698
1.000000 -0.860560 0.548435 -0.349517 -1.544411
1.000000 0.839632 0.497000 0.294187 1.222170
1.000000 0.058897 0.000012 0.000000 1.590242
1.000000 -0.796435 0.402347 -0.203260 2.558939
1.000000 0.982597 0.932185 0.884359 0.383366
1.000000 -0.681589 0.215820 -0.068338 -1.565984
1.000000 -0.148868 0.000491 -0.000002 -1.325724
1.000000 0.630433 0.157963 0.039580 -1.527291
1.000000 0.182861 0.001118 0.000007 1.498245
1.000000 -0.350249 0.015049 -0.000647 0.389189
1.000000 -0.974276 0.901008 -0.833249 1.913468
1.000000 -0.717932 0.265664 -0.098307 1.080781
1.000000 0.988690 0.955520 0.923463 0.330403
1.000000 -0.396413 0.024694 -0.001538 -1.404044
1.000000 -0.929335 0.745914 -0.598695 1.748255
1.000000 0.027939 0.000001 0.000000 -0.060284
1.000000 0.868307 0.568452 0.372147 -2.189032
1.000000 -0.545268 0.088397 -0.014331 -1.481837
1.000000 0.518140 0.072076 0.010026 -0.195610
1.000000 0.521911 0.074197 0.010548 -1.529126
1.000000 0.945782 0.800136 0.676918 0.654551
1.000000 -0.505341 0.065213 -0.008416 1.975432
1.000000 0.220437 0.002361 0.000025 -1.318194
1.000000 0.879838 0.599255 0.408151 1.054735
1.000000 -0.858192 0.542423 -0.342840 2.979683
1.000000 -0.394380 0.024191 -0.001484 0.435316
1.000000 0.746130 0.309925 0.128736 1.350662
1.000000 -0.118822 0.000199 -0.000000 -1.430510
1.000000 -0.133558 0.000318 -0.000001 0.337522
1.000000 -0.237608 0.003187 -0.000043 -1.514110
1.000000 -0.091201 0.000069 -0.000000 1.759966
1.000000 0.389045 0.022909 0.001349 -0.118049
1.000000 0.831704 0.478492 0.275284 1.083063
1.000000 -0.999228 0.996914 -0.994605 2.020341
1.000000 0.192519 0.001374 0.000010 1.602797
1.000000 -0.361830 0.017140 -0.000812 -1.438594
1.000000 0.835195 0.486576 0.283474 -0.186509
1.000000 0.128290 0.000271 0.000001 0.031699
1.000000 -0.847227 0.515227 -0.313326 -1.449056
1.000000 -0.942183 0.788026 -0.659092 1.732779
1.000000 0.211561 0.002003 0.000019 -1.357246
1.000000 0.251386 0.003994 0.000063 -1.250037
1.000000 0.748436 0.313776 0.131548 -0.272191
1.000000 -0.623207 0.150844 -0.036511 2.037676
1.000000 0.056847 0.000010 0.000000 1.793473
1.000000 -0.945300 0.798507 -0.674509 3.484251
1.000000 -0.000101 0.000000 -0.000000 1.889737
1.000000 -0.099743 0.000099 -0.000000 1.757010
1.000000 -0.698513 0.238066 -0.081137 2.432503
1.000000 -0.308123 0.009014 -0.000264 0.242792
1.000000 -0.629631 0.157161 -0.039229 0.836664
1.000000 0.053117 0.000008 0.000000 1.642250
1.000000 0.240875 0.003366 0.000047 -0.102031
1.000000 -0.866332 0.563297 -0.366261 1.445793
1.000000 0.831837 0.478798 0.275592 -1.919002
1.000000 0.552385 0.093104 0.015693 -1.270378
1.000000 -0.771833 0.354889 -0.163178 1.069585
1.000000 -0.132081 0.000304 -0.000001 0.181330
1.000000 0.704144 0.245836 0.085828 -1.618653
1.000000 0.900925 0.658801 0.481748 -2.530258
1.000000 -0.107819 0.000135 -0.000000 0.243626
1.000000 0.957362 0.840048 0.737109 -3.250042
1.000000 -0.954950 0.831616 -0.724211 3.611595
1.000000 -0.712380 0.257541 -0.093107 -1.629682
1.000000 -0.536077 0.082587 -0.012723 -1.517226
1.000000 -0.365043 0.017757 -0.000864 0.372464
1.000000 -0.378861 0.020602 -0.001120 -1.326373
1.000000 0.434066 0.035500 0.002903 -0.240161
1.000000 0.578537 0.112028 0.021693 -0.286029
1.000000 0.852876 0.529107 0.328247 -2.190987
1.000000 0.303874 0.008527 0.000239 -1.309600
1.000000 0.445456 0.039375 0.003480 -1.320241
1.000000 -0.734888 0.291665 -0.115757 2.335245
1.000000 -0.499995 0.062498 -0.007812 -1.570645
1.000000 -0.887962 0.621696 -0.435273 1.506742
1.000000 -0.696578 0.235439 -0.079577 2.237143
1.000000 0.745026 0.308095 0.127409 -0.215230
1.000000 0.364229 0.017599 0.000850 -0.048434
1.000000 0.061285 0.000014 0.000000 0.191530
1.000000 -0.718832 0.266999 -0.099173 0.999265
1.000000 0.130192 0.000287 0.000001 -1.443572
1.000000 0.339541 0.013291 0.000520 -0.115429
1.000000 -0.516559 0.071200 -0.009814 -1.544019
1.000000 -0.733701 0.289786 -0.114455 2.331209
1.000000 -0.854213 0.532433 -0.331866 1.225410
1.000000 -0.135634 0.000338 -0.000001 0.302084
1.000000 -0.457318 0.043739 -0.004183 2.179050
1.000000 0.744347 0.306975 0.126599 -1.718463
1.000000 0.597730 0.127650 0.027261 -0.149571
1.000000 0.126322 0.000255 0.000001 -0.084929
1.000000 -0.697355 0.236491 -0.080200 2.125416
1.000000 -0.973942 0.899771 -0.831248 3.980796
1.000000 -0.536609 0.082915 -0.012812 2.028930
1.000000 -0.820028 0.452184 -0.249346 1.086469
1.000000 0.887995 0.621786 0.435383 -2.599309
1.000000 -0.805917 0.421854 -0.220817 -1.533825
1.000000 -0.795285 0.400029 -0.201215 1.045345
1.000000 -0.202090 0.001668 -0.000014 0.264220
1.000000 -0.964091 0.863916 -0.774151 -1.311061
1.000000 0.199804 0.001594 0.000013 -0.089733
1.000000 0.186145 0.001201 0.000008 -0.022297
1.000000 0.611927 0.140217 0.032129 -1.539339
1.000000 0.647426 0.175695 0.047679 1.429362
1.000000 0.558600 0.097365 0.016971 -0.205513
1.000000 -0.074563 0.000031 -0.000000 1.727745
1.000000 -0.100257 0.000101 -0.000000 -1.212772
1.000000 0.825504 0.464384 0.261237 -1.964988
1.000000 -0.828074 0.470193 -0.266983 -1.695912
1.000000 0.313645 0.009677 0.000299 1.624931
1.000000 0.234195 0.003008 0.000039 -1.306779
1.000000 -0.673851 0.206184 -0.063088 0.761004
1.000000 0.947171 0.804848 0.683910 -0.146102
1.000000 0.911288 0.689640 0.521902 -2.806466
1.000000 0.135552 0.000338 0.000001 -1.259555
1.000000 0.350879 0.015158 0.000655 1.593605
1.000000 -0.908670 0.681748 -0.511496 -1.350762
1.000000 -0.039113 0.000002 -0.000000 0.283420
1.000000 -0.146031 0.000455 -0.000001 -1.545601
1.000000 -0.826735 0.467160 -0.263976 1.209612
1.000000 0.222109 0.002434 0.000027 -1.437698
1.000000 -0.148231 0.000483 -0.000002 1.687051
1.000000 0.457937 0.043977 0.004223 -1.352707
1.000000 -0.780758 0.371592 -0.176854 -1.680893
1.000000 0.770148 0.351801 0.160702 -1.648894
1.000000 -0.568744 0.104633 -0.019250 1.987856
1.000000 0.515882 0.070828 0.009724 -1.452856
1.000000 0.910332 0.686751 0.518082 -0.136242
1.000000 -0.461348 0.045302 -0.004448 -1.505307
1.000000 -0.222972 0.002472 -0.000027 0.327142
1.000000 0.831923 0.478997 0.275792 1.028529
1.000000 0.830870 0.476577 0.273359 -1.976195
1.000000 -0.258245 0.004448 -0.000077 -1.291622
1.000000 0.828691 0.471596 0.268379 -2.029708
1.000000 0.933108 0.758101 0.615917 0.558411
1.000000 0.594791 0.125158 0.026336 -1.469396
1.000000 0.360567 0.016902 0.000792 -1.363293
1.000000 -0.377760 0.020364 -0.001098 0.480933
1.000000 -0.695707 0.234264 -0.078883 1.049777
1.000000 -0.835530 0.487358 -0.284272 1.399791
1.000000 -0.764101 0.340881 -0.152074 -1.611762
1.000000 0.779355 0.368927 0.174641 -0.097360
1.000000 0.728137 0.281095 0.108516 -0.293374
1.000000 0.313583 0.009670 0.000298 -0.283889
1.000000 0.959258 0.846722 0.747389 0.028196
1.000000 0.374136 0.019594 0.001026 -0.071214
1.000000 0.511528 0.068466 0.009164 -0.118854
1.000000 0.427887 0.033521 0.002626 -1.438888
1.000000 -0.671241 0.203008 -0.061397 0.933762
1.000000 -0.666894 0.197800 -0.058667 0.903943
1.000000 0.866077 0.562633 0.365505 -2.302071
1.000000 0.902284 0.662786 0.486859 -2.619047
1.000000 0.904222 0.668498 0.494225 -2.507056
1.000000 0.120005 0.000207 0.000000 -1.331280
1.000000 -0.740847 0.301242 -0.122490 0.901322
1.000000 0.019489 0.000000 0.000000 0.102657
1.000000 -0.974260 0.900949 -0.833155 -1.194170
1.000000 0.615102 0.143149 0.033314 -0.312508
1.000000 0.163250 0.000710 0.000003 1.584708
1.000000 -0.614938 0.142997 -0.033252 -1.600532
1.000000 0.552643 0.093278 0.015744 -0.412543
1.000000 -0.180533 0.001062 -0.000006 0.438967
1.000000 0.305307 0.008689 0.000247 -1.267667
1.000000 -0.254470 0.004193 -0.000069 0.445536
1.000000 0.534819 0.081814 0.012515 -1.318859
1.000000 -0.702175 0.243098 -0.084162 -1.506718
1.000000 -0.746060 0.309810 -0.128652 2.443804
1.000000 0.330774 0.011971 0.000433 1.507604
1.000000 -0.954055 0.828504 -0.719474 -1.423762
1.000000 0.119341 0.000203 0.000000 -1.296523
1.000000 -0.018645 0.000000 -0.000000 1.712874
1.000000 0.738806 0.297936 0.120147 1.509835
1.000000 -0.511737 0.068579 -0.009190 0.696724
1.000000 -0.536131 0.082620 -0.012732 0.707480
1.000000 -0.101934 0.000108 -0.000000 1.787107
1.000000 0.820515 0.453259 0.250384 -1.966164
1.000000 0.821114 0.454584 0.251666 -2.082294
1.000000 0.031917 0.000001 0.000000 0.243638
1.000000 -0.217662 0.002245 -0.000023 0.256094
1.000000 0.023921 0.000000 0.000000 1.803160
1.000000 -0.629490 0.157020 -0.039167 0.747327
1.000000 0.929772 0.747320 0.600670 -0.138618
1.000000 0.012623 0.000000 0.000000 0.243643
1.000000 -0.778078 0.366516 -0.172648 -1.630451
1.000000 -0.855389 0.535372 -0.335079 -1.703821
1.000000 0.796938 0.403365 0.204161 -0.330665
1.000000 0.560094 0.098411 0.017291 -0.120861
1.000000 -0.825533 0.464448 -0.261300 -1.527687
1.000000 0.910055 0.685915 0.516979 0.923892
1.000000 0.601234 0.130669 0.028399 -1.419353
1.000000 -0.690322 0.227095 -0.074707 0.767444
1.000000 0.465562 0.046980 0.004741 1.537036
1.000000 -0.323335 0.010930 -0.000369 1.767892
1.000000 0.747620 0.312409 0.130547 -1.729161
1.000000 0.451849 0.041684 0.003846 -1.283031
1.000000 0.007440 0.000000 0.000000 1.718320
1.000000 -0.306877 0.008869 -0.000256 0.514360
1.000000 0.930006 0.748072 0.601729 0.723576
1.000000 0.923757 0.728168 0.573991 0.648978
1.000000 -0.981295 0.927253 -0.876187 1.932329
1.000000 -0.426206 0.032997 -0.002555 0.331137
1.000000 -0.498997 0.062000 -0.007703 -1.538486
1.000000 0.177091 0.000984 0.000005 -1.067619
1.000000 0.760198 0.333969 0.146719 1.191185
1.000000 -0.243033 0.003489 -0.000050 -1.439456
1.000000 0.042789 0.000003 0.000000 0.213953
1.000000 0.911418 0.690035 0.522425 0.910212
1.000000 -0.748208 0.313393 -0.131267 2.151839
1.000000 0.137327 0.000356 0.000001 -1.408920
1.000000 0.292960 0.007366 0.000185 -0.352083
1.000000 -0.164451 0.000731 -0.000003 0.204599
1.000000 0.695274 0.233681 0.078540 -1.536557
1.000000 -0.579411 0.112706 -0.021923 0.750517
1.000000 0.612432 0.140680 0.032315 1.544316
1.000000 0.005831 0.000000 0.000000 1.703858
1.000000 -0.607076 0.135823 -0.030388 2.139388
1.000000 -0.484227 0.054979 -0.006242 0.552359
1.000000 -0.221825 0.002421 -0.000026 0.354063
1.000000 -0.160924 0.000671 -0.000003 -1.299661
1.000000 -0.421639 0.031606 -0.002369 0.400938
1.000000 0.110698 0.000150 0.000000 -0.043871
1.000000 -0.958240 0.843137 -0.741859 -1.391387
1.000000 0.509174 0.067215 0.008873 1.336793
1.000000 -0.234331 0.003015 -0.000039 -1.504653
1.000000 0.468830 0.048313 0.004979 -0.340147
1.000000 -0.884609 0.612357 -0.423895 3.100214
1.000000 -0.889738 0.626683 -0.441402 3.094484
1.000000 0.974776 0.902859 0.836248 -3.088379
1.000000 -0.559275 0.097837 -0.017115 0.655681
1.000000 -0.969672 0.884095 -0.806070 -1.376490
1.000000 -0.294340 0.007506 -0.000191 1.753702
1.000000 0.505513 0.065303 0.008436 1.515157
1.000000 0.700851 0.241270 0.083058 1.419767
1.000000 0.658258 0.187752 0.053552 -1.591367
1.000000 0.180581 0.001063 0.000006 1.796398
1.000000 0.809722 0.429877 0.228219 -0.225975
1.000000 0.300695 0.008175 0.000222 -0.015058
1.000000 0.094436 0.000080 0.000000 -1.485292
1.000000 -0.321992 0.010749 -0.000359 -1.561509
1.000000 0.450257 0.041100 0.003752 -1.407125
1.000000 -0.228417 0.002722 -0.000032 1.886192
1.000000 -0.927925 0.741399 -0.592368 1.732316
1.000000 -0.679117 0.212705 -0.066621 2.290432
1.000000 -0.862353 0.553019 -0.354646 1.195474
1.000000 0.215783 0.002168 0.000022 1.570955
1.000000 0.110684 0.000150 0.000000 -1.344515
1.000000 -0.089836 0.000065 -0.000000 -1.377041
1.000000 -0.600326 0.129882 -0.028100 0.614773
1.000000 -0.908014 0.679783 -0.508919 3.382197
1.000000 0.196757 0.001499 0.000011 0.006853
1.000000 0.337054 0.012906 0.000494 0.102898
1.000000 -0.433966 0.035467 -0.002899 1.851131
1.000000 -0.268642 0.005208 -0.000101 1.764667
1.000000 -0.546582 0.089253 -0.014574 -1.365726
1.000000 -0.440903 0.037790 -0.003239 -1.448969
1.000000 0.439751 0.037396 0.003180 1.538848
1.000000 0.012953 0.000000 0.000000 0.206662
1.000000 -0.523675 0.075205 -0.010800 0.642139
1.000000 -0.836360 0.489298 -0.286255 2.872803
1.000000 -0.721086 0.270363 -0.101370 2.278238
1.000000 -0.917680 0.709195 -0.548074 -1.436238
1.000000 0.796349 0.402174 0.203107 -0.113402
1.000000 0.778464 0.367244 0.173249 -1.783206
1.000000 -0.473191 0.050136 -0.005312 0.360346
1.000000 -0.485267 0.055453 -0.006337 0.750468
1.000000 0.275237 0.005739 0.000120 -0.247313
1.000000 0.888271 0.622561 0.436333 -2.435345
1.000000 -0.894573 0.640418 -0.458470 -1.539928
1.000000 0.904566 0.669515 0.495542 0.867152
1.000000 -0.851326 0.525272 -0.324095 -1.580668
1.000000 0.976980 0.911052 0.849572 -3.199132
1.000000 0.026826 0.000001 0.000000 1.698740
1.000000 -0.495125 0.060098 -0.007295 2.092017
1.000000 0.901872 0.661577 0.485306 0.118657
1.000000 -0.660331 0.190128 -0.054743 0.894690
1.000000 -0.421265 0.031493 -0.002354 0.506900
1.000000 -0.753630 0.322577 -0.138073 0.958186
1.000000 -0.803999 0.417851 -0.217164 1.392549
1.000000 0.394282 0.024167 0.001481 -0.125938
1.000000 0.405277 0.026978 0.001796 -0.364499
1.000000 0.232505 0.002922 0.000037 1.431086
1.000000 -0.340514 0.013444 -0.000531 1.925532
1.000000 -0.127922 0.000268 -0.000001 -1.357164
1.000000 -0.569387 0.105106 -0.019402 0.702957
1.000000 -0.362491 0.017266 -0.000822 0.601368
1.000000 -0.483592 0.054691 -0.006185 0.518853
1.000000 -0.122882 0.000228 -0.000000 0.239214
1.000000 -0.237208 0.003166 -0.000042 0.513580
1.000000 0.826755 0.467204 0.264020 -0.192633
1.000000 -0.255066 0.004233 -0.000070 -1.542166
1.000000 0.478909 0.052603 0.005778 -1.328677
1.000000 -0.532991 0.080701 -0.012219 -1.543137
1.000000 -0.526060 0.076584 -0.011149 0.662464
1.000000 -0.258082 0.004436 -0.000076 1.975329
1.000000 0.238660 0.003244 0.000044 1.678969
1.000000 0.411959 0.028802 0.002014 -1.217494
1.000000 0.467138 0.047619 0.004854 1.626993
1.000000 0.315497 0.009908 0.000311 -1.395557
1.000000 0.868429 0.568771 0.372512 -0.178699
1.000000 -0.730091 0.284125 -0.110571 -1.660460
1.000000 0.475838 0.051267 0.005523 -1.582518
1.000000 -0.764257 0.341160 -0.152292 1.110923
1.000000 -0.916234 0.704734 -0.542056 1.678534
1.000000 -0.809431 0.429258 -0.227645 1.192319
1.000000 0.193703 0.001408 0.000010 -1.484498
1.000000 0.544100 0.087643 0.014117 -0.150774
1.000000 -0.365705 0.017886 -0.000875 -1.567153
1.000000 0.670800 0.202475 0.061115 1.350158
1.000000 -0.523187 0.074925 -0.010730 0.727262
1.000000 0.355567 0.015984 0.000719 1.556688
1.000000 -0.517009 0.071449 -0.009874 -1.408112
1.000000 -0.293367 0.007407 -0.000187 1.889504
1.000000 -0.135228 0.000334 -0.000001 0.138948
1.000000 -0.016743 0.000000 -0.000000 1.762521
1.000000 0.153748 0.000559 0.000002 0.098694
1.000000 0.441060 0.037844 0.003247 1.560827
1.000000 0.302119 0.008331 0.000230 1.553776
1.000000 -0.126784 0.000258 -0.000001 1.737456
1.000000 -0.621835 0.149521 -0.035952 -1.341238
1.000000 0.210467 0.001962 0.000018 1.462393
1.000000 -0.729934 0.283879 -0.110404 2.236994
1.000000 -0.941969 0.787311 -0.658045 3.474497
1.000000 0.346282 0.014379 0.000597 -1.364662
1.000000 -0.855426 0.535464 -0.335180 -1.539233
1.000000 -0.006340 0.000000 -0.000000 1.709085
1.000000 0.621005 0.148724 0.035618 1.242895
1.000000 -0.897641 0.649248 -0.469590 -1.527930
1.000000 0.289167 0.006992 0.000169 -1.257465
1.000000 0.907048 0.676896 0.505142 -2.402186
1.000000 0.008351 0.000000 0.000000 -1.396113
1.000000 -0.074402 0.000031 -0.000000 0.075113
1.000000 -0.402109 0.026144 -0.001700 0.581069
1.000000 -0.860389 0.547998 -0.349031 2.775779
1.000000 -0.064916 0.000018 -0.000000 1.795141
1.000000 0.897033 0.647492 0.467370 -2.657018
1.000000 0.078785 0.000039 0.000000 -0.156209
1.000000 0.428280 0.033644 0.002643 1.524422
1.000000 -0.899033 0.653284 -0.474710 -1.524340
1.000000 -0.722338 0.272246 -0.102608 0.993404
1.000000 0.883248 0.608599 0.419353 -2.349916
1.000000 0.566471 0.102970 0.018717 -0.186894
1.000000 -0.033906 0.000001 -0.000000 0.266454
1.000000 0.809197 0.428763 0.227186 -0.080591
1.000000 0.189518 0.001290 0.000009 -1.376967
1.000000 -0.732386 0.287714 -0.113027 1.010474
1.000000 -0.568619 0.104540 -0.019220 0.597138
1.000000 0.597664 0.127594 0.027240 -1.372595
1.000000 0.359754 0.016750 0.000780 -0.265023
1.000000 -0.848653 0.518705 -0.317038 1.211101
1.000000 -0.572555 0.107465 -0.020171 0.736148
1.000000 -0.148617 0.000488 -0.000002 0.421658
1.000000 -0.960781 0.852112 -0.755735 -1.350683
1.000000 0.453031 0.042122 0.003916 -1.361003
1.000000 0.136053 0.000343 0.000001 -0.010574
1.000000 0.418711 0.030737 0.002256 -1.447722
1.000000 0.618055 0.145918 0.034450 -1.388230
1.000000 0.012296 0.000000 0.000000 -1.405421
1.000000 0.851527 0.525767 0.324630 -2.158506
1.000000 -0.192748 0.001380 -0.000010 1.826705
1.000000 0.790550 0.390587 0.192978 -2.073742
1.000000 -0.886062 0.616391 -0.428794 1.444685
1.000000 0.335194 0.012624 0.000475 1.544442
1.000000 -0.834951 0.486007 -0.282895 1.345907
1.000000 0.823802 0.460565 0.257489 1.107349
1.000000 0.834531 0.485032 0.281902 1.125929
1.000000 -0.075831 0.000033 -0.000000 1.853046
1.000000 -0.434360 0.035596 -0.002917 -1.389679
1.000000 -0.412917 0.029071 -0.002047 1.854264
1.000000 -0.309268 0.009148 -0.000271 1.913089
1.000000 0.626471 0.154029 0.037871 1.265087
1.000000 -0.137363 0.000356 -0.000001 1.748617
1.000000 0.395213 0.024396 0.001506 1.637678
1.000000 0.590298 0.121419 0.024975 -1.468542
1.000000 -0.032338 0.000001 -0.000000 -1.430790
1.000000 0.365864 0.017917 0.000877 -0.260950
1.000000 0.283660 0.006474 0.000148 1.620294
1.000000 0.354448 0.015784 0.000703 -0.206097
1.000000 -0.550080 0.091560 -0.015240 -1.614561
1.000000 0.639882 0.167648 0.043924 -1.495189
1.000000 -0.539934 0.084989 -0.013378 0.729090
1.000000 -0.589750 0.120969 -0.024813 -1.430942
1.000000 -0.857357 0.540315 -0.340512 -1.550997
1.000000 0.837084 0.490993 0.287993 -0.186537
1.000000 0.366340 0.018011 0.000886 -1.328745
1.000000 -0.355691 0.016006 -0.000720 1.866349
1.000000 0.144391 0.000435 0.000001 -0.198990
1.000000 0.151344 0.000525 0.000002 -0.096782
1.000000 -0.962585 0.858532 -0.765726 1.724647
1.000000 0.864116 0.557556 0.359753 -2.191524
1.000000 0.439178 0.037202 0.003151 -0.185517
1.000000 -0.785440 0.380586 -0.184414 -1.592216
1.000000 0.257218 0.004377 0.000074 -0.183689
1.000000 0.830971 0.476807 0.273590 -0.086941
1.000000 -0.984169 0.938163 -0.894307 -1.195479
1.000000 -0.442765 0.038432 -0.003336 0.637987
1.000000 0.389352 0.022981 0.001356 1.438012
1.000000 0.408492 0.027844 0.001898 -1.488446
1.000000 -0.972672 0.895089 -0.823694 1.952858
1.000000 0.615590 0.143604 0.033500 -0.266227
1.000000 -0.300545 0.008159 -0.000221 0.385626
1.000000 0.013302 0.000000 0.000000 -1.415095
1.000000 -0.762272 0.337630 -0.149545 1.228599
1.000000 -0.808492 0.427271 -0.225803 1.098055
1.000000 -0.511871 0.068650 -0.009207 -1.361011
1.000000 0.259547 0.004538 0.000079 0.043770
1.000000 0.037536 0.000002 0.000000 1.704115
1.000000 -0.242042 0.003432 -0.000049 -1.415418
1.000000 0.417818 0.030475 0.002223 -0.097977
1.000000 0.456487 0.043422 0.004130 -0.314429
1.000000 -0.095994 0.000085 -0.000000 -1.479331
1.000000 0.551362 0.092416 0.015490 -0.251882
1.000000 -0.956058 0.835482 -0.730112 -1.560349
1.000000 -0.551516 0.092520 -0.015521 0.962990
1.000000 0.341128 0.013542 0.000538 -0.105603
1.000000 0.003698 0.000000 0.000000 0.217452
1.000000 -0.249954 0.003903 -0.000061 -1.471783
1.000000 0.179278 0.001033 0.000006 -0.058868
1.000000 0.054718 0.000009 0.000000 1.697569
1.000000 0.740970 0.301440 0.122632 -1.679448
1.000000 -0.961294 0.853934 -0.758565 3.772681
1.000000 0.317535 0.010166 0.000325 -0.036497
1.000000 0.401255 0.025923 0.001675 -1.300202
1.000000 0.110987 0.000152 0.000000 0.140996
1.000000 0.444348 0.038985 0.003420 -1.399825
1.000000 0.298205 0.007908 0.000210 -0.379416
1.000000 -0.005191 0.000000 -0.000000 0.046579
1.000000 -0.997760 0.991069 -0.984424 4.183401
1.000000 -0.788885 0.387307 -0.190150 -1.553533
1.000000 -0.785662 0.381017 -0.184779 1.112810
1.000000 0.764576 0.341729 0.152737 -1.898135
1.000000 0.576981 0.110827 0.021288 1.424848
1.000000 0.318361 0.010273 0.000331 1.601644
1.000000 0.136555 0.000348 0.000001 0.034468
1.000000 0.726300 0.278269 0.106614 -0.145100
1.000000 -0.534567 0.081660 -0.012474 -1.486203
1.000000 -0.561689 0.099537 -0.017639 -1.567654
1.000000 -0.357526 0.016339 -0.000747 -1.608263
1.000000 0.264002 0.004858 0.000089 1.639352
1.000000 -0.045590 0.000004 -0.000000 1.686882
1.000000 -0.025139 0.000000 -0.000000 1.662075
1.000000 -0.394063 0.024114 -0.001476 -1.486477
1.000000 0.814179 0.439419 0.237158 1.100059
1.000000 0.752429 0.320524 0.136539 -0.152403
1.000000 0.459476 0.044571 0.004324 -0.093433
1.000000 0.626009 0.153575 0.037676 -1.529968
1.000000 -0.497179 0.061101 -0.007509 -1.431374
1.000000 0.024732 0.000000 0.000000 1.659189
1.000000 -0.730442 0.284671 -0.110943 2.200519
1.000000 -0.131760 0.000301 -0.000001 0.205529
1.000000 0.506317 0.065719 0.008530 -0.239900
1.000000 -0.434521 0.035649 -0.002925 -1.355619
1.000000 -0.113349 0.000165 -0.000000 -1.289295
1.000000 -0.454176 0.042550 -0.003986 0.643680
1.000000 -0.309509 0.009177 -0.000272 0.303329
1.000000 -0.789326 0.388173 -0.190895 1.103511
1.000000 -0.273730 0.005614 -0.000115 1.876130
1.000000 -0.214202 0.002105 -0.000021 0.368094
1.000000 -0.572262 0.107246 -0.020099 2.003822
1.000000 -0.105761 0.000125 -0.000000 1.736861
1.000000 0.948101 0.808014 0.688625 -0.131862
1.000000 -0.794431 0.398313 -0.199707 -1.522807
1.000000 -0.599557 0.129217 -0.027849 2.007423
1.000000 0.110963 0.000152 0.000000 1.566875
1.000000 0.594803 0.125168 0.026340 1.402311
1.000000 0.167579 0.000789 0.000004 0.022123
1.000000 0.669525 0.200940 0.060307 -0.199107
1.000000 -0.026104 0.000000 -0.000000 -1.368569
1.000000 -0.090466 0.000067 -0.000000 0.049720
1.000000 -0.614961 0.143018 -0.033261 2.104909
1.000000 0.320194 0.010511 0.000345 1.605246
1.000000 -0.459939 0.044751 -0.004354 0.450399
1.000000 0.746845 0.311116 0.129603 -0.186442
1.000000 0.319206 0.010382 0.000338 1.404853
1.000000 0.592706 0.123412 0.025696 1.468404
1.000000 -0.372782 0.019312 -0.001000 1.885924
1.000000 0.618491 0.146330 0.034621 1.558924
1.000000 -0.361209 0.017023 -0.000802 1.946703
1.000000 -0.435931 0.036114 -0.002992 1.864373
1.000000 -0.044283 0.000004 -0.000000 -1.464709
1.000000 -0.894822 0.641130 -0.459363 3.205927
1.000000 -0.095379 0.000083 -0.000000 1.767032
1.000000 0.167412 0.000785 0.000004 -1.415526
1.000000 -0.876685 0.590711 -0.398021 2.992977
1.000000 -0.882779 0.607306 -0.417795 3.009685
1.000000 0.597809 0.127718 0.027286 -1.383275
1.000000 0.618874 0.146693 0.034771 -1.402191
1.000000 -0.342846 0.013816 -0.000557 1.974841
1.000000 0.801535 0.412754 0.212549 -0.124415
1.000000 -0.372792 0.019314 -0.001001 -1.318255
1.000000 0.167627 0.000790 0.000004 1.454221
1.000000 -0.814056 0.439154 -0.236908 -1.713265
1.000000 -0.230659 0.002831 -0.000035 1.877226
1.000000 -0.467957 0.047954 -0.004914 1.876744
1.000000 -0.507196 0.066176 -0.008634 1.873140
1.000000 -0.363310 0.017423 -0.000835 0.401678
1.000000 0.758403 0.330827 0.144312 -0.132318
1.000000 0.738190 0.296942 0.119447 -0.220530
1.000000 -0.958160 0.842853 -0.741422 1.504469
1.000000 0.284161 0.006520 0.000150 -0.048365
1.000000 0.845609 0.511303 0.309162 -0.208164
1.000000 0.431612 0.034704 0.002790 1.358128
1.000000 -0.862083 0.552327 -0.353870 2.808505
1.000000 -0.532380 0.080332 -0.012121 0.517317
1.000000 0.890091 0.627678 0.442629 -2.318072
1.000000 -0.119896 0.000207 -0.000000 1.650276
1.000000 0.779916 0.369990 0.175523 -0.223835
1.000000 -0.161866 0.000686 -0.000003 -1.503875
1.000000 0.014117 0.000000 0.000000 -1.313176
1.000000 -0.635496 0.163099 -0.041859 2.114239
1.000000 -0.283522 0.006462 -0.000147 1.861508
1.000000 -0.888834 0.624142 -0.438274 3.022368
1.000000 -0.381631 0.021212 -0.001179 0.469930
1.000000 0.273175 0.005569 0.000114 0.090117
1.000000 0.596489 0.126593 0.026867 -0.187667
1.000000 0.472923 0.050022 0.005291 1.448575
1.000000 0.680212 0.214080 0.067376 1.348808
1.000000 0.368579 0.018455 0.000924 1.603900
1.000000 0.781486 0.372979 0.178011 -0.176309
1.000000 0.025300 0.000000 0.000000 0.063536
1.000000 0.898004 0.650299 0.470921 -0.166472
1.000000 0.752396 0.320470 0.136498 -1.650573
1.000000 0.751207 0.318447 0.134994 -1.707235
1.000000 0.953063 0.825061 0.714250 0.546376
1.000000 0.621457 0.149157 0.035800 -0.155209
1.000000 -0.364321 0.017617 -0.000852 1.864817
1.000000 -0.058299 0.000012 -0.000000 -1.237104
1.000000 -0.541731 0.086126 -0.013693 0.542128
1.000000 0.447484 0.040097 0.003593 -0.159715
1.000000 0.663131 0.193373 0.056389 -0.320394
1.000000 -0.673884 0.206224 -0.063110 2.247836
1.000000 -0.069276 0.000023 -0.000000 1.691203
1.000000 0.862962 0.554583 0.356404 -0.195327
1.000000 0.245674 0.003643 0.000054 -1.424363
1.000000 -0.918519 0.711790 -0.551589 -1.481316
1.000000 0.309615 0.009189 0.000273 1.596655
1.000000 -0.619737 0.147512 -0.035112 -1.516663
1.000000 -0.876955 0.591439 -0.398880 -1.484795
1.000000 -0.719476 0.267957 -0.099796 0.992743
1.000000 -0.859701 0.546247 -0.347081 1.182563
1.000000 -0.761632 0.336496 -0.148667 2.497224
1.000000 0.208237 0.001880 0.000017 -1.348918
1.000000 -0.294264 0.007498 -0.000191 -1.454455
1.000000 -0.558478 0.097280 -0.016945 1.928991
1.000000 -0.068169 0.000022 -0.000000 0.089239
1.000000 -0.341812 0.013650 -0.000545 1.924075
1.000000 -0.396369 0.024683 -0.001537 -1.506105
1.000000 -0.827789 0.469546 -0.266340 2.763340
1.000000 -0.418177 0.030580 -0.002236 1.955935
1.000000 -0.929817 0.747463 -0.600872 -1.441167
1.000000 -0.519678 0.072935 -0.010236 -1.402028
1.000000 -0.176717 0.000975 -0.000005 0.278926
1.000000 0.477917 0.052169 0.005695 -1.188434
1.000000 -0.278967 0.006056 -0.000131 0.458844
1.000000 0.885260 0.614161 0.426083 -0.112445
1.000000 -0.541251 0.085821 -0.013608 2.001056
1.000000 -0.003751 0.000000 -0.000000 -1.454065
1.000000 0.846159 0.512634 0.310572 -2.052645
1.000000 0.538178 0.083889 0.013076 -1.344513
1.000000 0.391720 0.023545 0.001415 -0.203490
1.000000 -0.460857 0.045109 -0.004415 0.531947
1.000000 -0.901719 0.661127 -0.484728 3.098882
1.000000 0.124981 0.000244 0.000000 0.203478
1.000000 0.604762 0.133764 0.029586 1.336799
1.000000 0.143213 0.000421 0.000001 -1.351330
1.000000 -0.469480 0.048581 -0.005027 -1.534021
1.000000 0.621527 0.149225 0.035828 -1.674369
1.000000 0.010348 0.000000 0.000000 -1.333269
1.000000 0.967450 0.876019 0.793229 -3.101287
1.000000 -0.283746 0.006482 -0.000148 1.786238
1.000000 0.099963 0.000100 0.000000 -0.016381
1.000000 -0.303988 0.008539 -0.000240 1.705894
1.000000 -0.000279 0.000000 -0.000000 1.653423
1.000000 -0.051807 0.000007 -0.000000 -1.257704
1.000000 0.630448 0.157978 0.039586 -1.627612
1.000000 0.410117 0.028290 0.001951 -1.357484
1.000000 -0.990418 0.962221 -0.934826 -1.157166
1.000000 -0.148318 0.000484 -0.000002 -1.462540
1.000000 -0.888155 0.622237 -0.435936 3.185409
1.000000 -0.282005 0.006325 -0.000142 -1.497608
1.000000 -0.972760 0.895413 -0.824216 1.845156
1.000000 -0.797661 0.404831 -0.205461 1.132903
1.000000 0.648124 0.176454 0.048040 -0.261054
1.000000 -0.505476 0.065283 -0.008432 1.971531
1.000000 0.442975 0.038505 0.003347 -0.305276
1.000000 0.255699 0.004275 0.000071 -0.082031
1.000000 -0.567052 0.103393 -0.018852 2.158375
1.000000 0.718056 0.265847 0.098425 -0.147738
1.000000 -0.801733 0.413161 -0.212916 -1.737242
1.000000 0.476632 0.051610 0.005588 -1.474594
1.000000 -0.986897 0.948609 -0.911806 -1.338061
1.000000 0.891924 0.632866 0.449051 -2.337615
1.000000 -0.520664 0.073490 -0.010373 0.665409
1.000000 0.198855 0.001564 0.000012 -1.278110
1.000000 -0.727852 0.280654 -0.108218 -1.794066
1.000000 0.843595 0.506450 0.304046 1.151212
1.000000 -0.174247 0.000922 -0.000005 1.618675
1.000000 -0.550036 0.091530 -0.015231 2.121413
1.000000 -0.491145 0.058189 -0.006894 2.060946
1.000000 0.137846 0.000361 0.000001 0.080148
1.000000 -0.368764 0.018493 -0.000927 1.749579
1.000000 -0.055032 0.000009 -0.000000 1.659256
1.000000 -0.419293 0.030908 -0.002278 -1.403553
1.000000 -0.110805 0.000151 -0.000000 1.623812
1.000000 0.640693 0.168500 0.044315 1.377218
1.000000 0.081393 0.000044 0.000000 0.077742
1.000000 0.240955 0.003371 0.000047 0.042855
1.000000 0.370121 0.018766 0.000951 1.429817
1.000000 -0.762969 0.338866 -0.150504 -1.659970
1.000000 0.661615 0.191611 0.055493 -1.428424
1.000000 -0.481615 0.053802 -0.006010 0.715931
1.000000 0.485457 0.055540 0.006354 1.485294
1.000000 0.063203 0.000016 0.000000 -0.089971
1.000000 -0.976868 0.910634 -0.848890 -1.251645
1.000000 0.272207 0.005490 0.000111 -0.079689
1.000000 0.919644 0.715284 0.556336 -0.172290
1.000000 -0.160581 0.000665 -0.000003 -1.427927
1.000000 -0.724914 0.276150 -0.105197 -1.560756
1.000000 0.900142 0.656515 0.478826 0.836961
1.000000 0.562389 0.100034 0.017793 -1.432554
1.000000 0.112390 0.000160 0.000000 0.195601
1.000000 0.419417 0.030945 0.002283 -1.340187
1.000000 0.586002 0.117922 0.023730 1.512747
1.000000 0.679578 0.213284 0.066939 -0.127097
1.000000 -0.887051 0.619149 -0.432157 1.739648
1.000000 0.277606 0.005939 0.000127 1.669252
1.000000 0.443749 0.038775 0.003388 1.393792
1.000000 -0.779868 0.369901 -0.175448 -1.588334
1.000000 -0.099679 0.000099 -0.000000 1.649003
1.000000 -0.650959 0.179562 -0.049531 -1.558155
1.000000 0.448249 0.040372 0.003636 -0.414231
1.000000 0.635815 0.163426 0.042006 -0.311087
1.000000 0.535786 0.082407 0.012675 -0.319277
1.000000 0.994637 0.978722 0.963060 -3.661315
1.000000 -0.861396 0.550568 -0.351900 1.371774
1.000000 0.639850 0.167615 0.043908 1.485703
1.000000 0.155420 0.000583 0.000002 0.113816
1.000000 0.669380 0.200766 0.060216 -0.222722
1.000000 0.738172 0.296913 0.119427 -1.701959
1.000000 0.441495 0.037993 0.003270 -1.397502
1.000000 0.501062 0.063033 0.007929 -1.365146
1.000000 -0.679914 0.213706 -0.067170 -1.774819
1.000000 0.556087 0.095625 0.016444 -0.175443
1.000000 -0.832404 0.480106 -0.276911 -1.524772
1.000000 -0.279404 0.006094 -0.000133 1.795809
1.000000 0.519722 0.072960 0.010242 -1.440526
1.000000 0.318285 0.010263 0.000331 -0.111509
1.000000 0.418421 0.030652 0.002245 -0.193485
1.000000 0.063107 0.000016 0.000000 -1.498462
1.000000 -0.572794 0.107645 -0.020230 0.604048
1.000000 0.421748 0.031638 0.002373 1.562436
1.000000 -0.796039 0.401548 -0.202554 -1.523867
1.000000 -0.528594 0.078071 -0.011531 0.706029
1.000000 0.241709 0.003413 0.000048 -1.475530
1.000000 0.013882 0.000000 0.000000 -1.416047
1.000000 0.868148 0.568035 0.371669 1.182121
1.000000 -0.986119 0.945621 -0.906786 2.082369
1.000000 -0.536970 0.083138 -0.012872 0.705678
1.000000 0.269655 0.005287 0.000104 1.673689
1.000000 0.032324 0.000001 0.000000 -1.280918
1.000000 -0.400415 0.025706 -0.001650 0.647108
1.000000 0.974710 0.902613 0.835848 0.514387
1.000000 -0.727686 0.280399 -0.108046 -1.557662
1.000000 -0.924408 0.730221 -0.576827 -1.268641
1.000000 0.484921 0.055295 0.006305 -1.294375
1.000000 -0.265867 0.004996 -0.000094 -1.403896
1.000000 0.499200 0.062101 0.007725 -1.295180
1.000000 0.218512 0.002280 0.000024 -1.452289
1.000000 0.707238 0.250185 0.088503 -1.474258
1.000000 -0.316077 0.009981 -0.000315 -1.459601
1.000000 -0.927593 0.740337 -0.590884 3.457880
1.000000 0.887949 0.621658 0.435226 0.953676
1.000000 0.770110 0.351732 0.160646 1.388991
1.000000 0.391539 0.023502 0.001411 1.627215
1.000000 0.654693 0.183718 0.051554 1.620049
1.000000 0.714682 0.260886 0.095234 -0.223358
1.000000 -0.342984 0.013839 -0.000558 -1.353710
1.000000 -0.120958 0.000214 -0.000000 1.779934
1.000000 -0.845695 0.511510 -0.309382 -1.497648
1.000000 0.251743 0.004016 0.000064 1.641103
1.000000 -0.435408 0.035941 -0.002967 1.809022
1.000000 0.122588 0.000226 0.000000 -1.402305
1.000000 -0.751964 0.319733 -0.135950 1.098958
1.000000 0.300243 0.008126 0.000220 -1.435338
1.000000 -0.376410 0.020075 -0.001071 0.308536
1.000000 0.781277 0.372580 0.177678 1.379971
1.000000 0.140062 0.000385 0.000001 -0.039384
1.000000 0.590821 0.121850 0.025130 -0.311225
1.000000 0.315122 0.009861 0.000309 -1.228726
1.000000 -0.142431 0.000412 -0.000001 -1.512170
